1767046701736 1.0 0
1767046702198 1.0 0
1767046702403 1.0 0
1767046702619 1.0 0
1767046702830 1.0 0
1767046703055 1.0 0
1767046703281 1.0 0
1767046703534 1.0 0
1767046703758 1.0 0
1767046703971 1.0 0
1767046704177 1.0 0
1767046704422 1.0 0
1767046704687 1.0 0
1767046704932 1.0 0
1767046705190 1.0 0
1767046705429 1.0 0
1767046705648 1.0 0
1767046705895 1.0 0
1767046706151 1.0 0
1767046706357 1.0 0
1767046706562 1.0 0
1767046706811 1.0 0
1767046707040 1.0 0
1767046707247 1.0 0
1767046707463 1.0 0
1767046707692 2.0 0
1767046707900 1.0 0
1767046708138 1.0 0
1767046708390 1.0 0
1767046708614 1.0 0
1767046708844 2.0 0
1767046709055 2.0 0
1767046709273 2.0 0
1767046709508 2.0 0
1767046709767 2.0 0
1767046710010 2.0 0
1767046710220 2.0 0
1767046710448 3.0 0
1767046710688 2.0 0
1767046710893 2.0 0
1767046711101 3.0 0
1767046711323 5.0 0
1767046711542 4.0 0
1767046711782 5.0 0
1767046712013 5.0 0
1767046712217 5.0 0
1767046712443 4.0 0
1767046712659 4.0 0
1767046712900 4.0 0
1767046713120 4.0 0
1767046713355 4.0 0
1767046713581 5.0 0
1767046713813 4.0 0
1767046714026 4.0 0
1767046714249 5.0 0
1767046714481 5.0 0
1767046714708 4.0 0
1767046714952 5.0 0
1767046715184 5.0 0
1767046715432 5.0 0
1767046715675 4.0 0
1767046715881 5.0 0
1767046716089 4.0 0
1767046716306 3.0 0
1767046716522 5.0 0
1767046716769 4.0 0
1767046716995 3.0 0
1767046717231 4.0 0
1767046717468 3.0 0
1767046717693 4.0 0
1767046717919 3.0 0
1767046718128 4.0 0
1767046718344 4.0 0
1767046718574 3.0 0
1767046718799 5.0 0
1767046719015 5.0 0
1767046719217 5.0 0
1767046719453 5.0 0
1767046719694 3.0 0
1767046719939 4.0 0
1767046720164 3.0 0
1767046720376 4.0 0
1767046720606 5.0 0
1767046720824 5.0 0
1767046721042 5.0 0
1767046721275 4.0 0
1767046721503 3.0 0
1767046721710 3.0 0
1767046721913 3.0 0
1767046722128 4.0 0
1767046722353 3.0 0
1767046722581 3.0 0
1767046722806 3.0 0
1767046723020 3.0 0
1767046723251 4.0 0
1767046723474 3.0 0
1767046723695 3.0 0
1767046723918 3.0 0
1767046724147 4.0 0
1767046724350 4.0 0
1767046724558 4.0 0
1767046724786 4.0 0
1767046725000 4.0 0
1767046725230 4.0 0
1767046725466 4.0 0
1767046725698 3.0 0
1767046725944 4.0 0
1767046726175 4.0 0
1767046726409 4.0 0
1767046726624 4.0 0
1767046726867 2.0 0
1767046727114 3.0 0
1767046727335 4.0 0
1767046727563 6.0 0
1767046727819 5.0 0
1767046728077 5.0 0
1767046728312 5.0 0
1767046728549 5.0 0
1767046728799 5.0 0
1767046729035 5.0 0
1767046729290 5.0 0
1767046729501 5.0 0
1767046729726 5.0 0
1767046729940 5.0 0
1767046730174 4.0 0
1767046730415 5.0 0
1767046730645 5.0 0
1767046730864 2.0 0
1767046731086 3.0 0
1767046731316 2.0 0
1767046731552 6.0 0
1767046731800 6.0 0
1767046732039 5.0 0
1767046732264 3.0 0
1767046732474 3.0 0
1767046732697 3.0 0
1767046732933 4.0 0
1767046733157 4.0 0
1767046733379 4.0 0
1767046733606 4.0 0
1767046733836 4.0 0
1767046734080 4.0 0
1767046734297 6.0 0
1767046734505 4.0 0
1767046734718 4.0 0
1767046734944 4.0 0
1767046735167 4.0 0
1767046735401 4.0 0
1767046735632 4.0 0
1767046735845 4.0 0
1767046736061 5.0 0
1767046736279 6.0 0
1767046736512 5.0 0
1767046736743 5.0 0
1767046736973 4.0 0
1767046737200 3.0 0
1767046737411 4.0 0
1767046737615 4.0 0
1767046737834 5.0 0
1767046738050 6.0 0
1767046738269 5.0 0
1767046738495 5.0 0
1767046738734 4.0 0
1767046738958 4.0 0
1767046739189 4.0 0
1767046739430 4.0 0
1767046739666 4.0 0
1767046739877 4.0 0
1767046740082 4.0 0
1767046740290 4.0 0
1767046740509 4.0 0
1767046740723 5.0 0
1767046740939 4.0 0
1767046741162 4.0 0
1767046741383 5.0 0
1767046741598 5.0 0
1767046741823 5.0 0
1767046742053 5.0 0
1767046742309 5.0 0
1767046742549 5.0 0
1767046742804 6.0 0
1767046743038 4.0 0
1767046743318 5.0 0
1767046743547 4.0 0
1767046743780 4.0 0
1767046743999 4.0 0
1767046744219 4.0 0
1767046744456 4.0 0
1767046744690 4.0 0
1767046744911 4.0 0
1767046745144 4.0 0
1767046745356 5.0 0
1767046745571 4.0 0
1767046745791 5.0 0
1767046746011 5.0 0
1767046746241 5.0 0
1767046746472 5.0 0
1767046746729 5.0 0
1767046746949 5.0 0
1767046747151 3.0 0
1767046747369 4.0 0
1767046747589 4.0 0
1767046747805 6.0 0
1767046748027 6.0 0
1767046748243 6.0 0
1767046748490 6.0 0
1767046748716 4.0 0
1767046748936 4.0 0
1767046749160 6.0 0
1767046749388 5.0 0
1767046749589 5.0 0
1767046749798 5.0 0
1767046750015 3.0 0
1767046750227 3.0 0
1767046750469 3.0 0
1767046750706 3.0 0
1767046750929 5.0 0
1767046751151 3.0 0
1767046751386 3.0 0
1767046751586 4.0 0
1767046751797 3.0 0
1767046752010 3.0 0
1767046752243 3.0 0
1767046752468 3.0 0
1767046752683 4.0 0
1767046752887 3.0 0
1767046753094 3.0 0
1767046753293 3.0 0
1767046753514 3.0 0
1767046753717 3.0 0
1767046753936 3.0 0
1767046754170 2.0 0
1767046754378 3.0 0
1767046754590 3.0 0
1767046754795 3.0 0
1767046755001 3.0 0
1767046755225 2.0 0
1767046755454 2.0 0
1767046755661 2.0 0
1767046755884 3.0 0
1767046756090 4.0 0
1767046756300 4.0 0
1767046756535 5.0 0
1767046756755 4.0 0
1767046756968 5.0 0
1767046757204 5.0 0
1767046757490 5.0 0
1767046757759 4.0 0
1767046758063 4.0 0
1767046758331 4.0 0
1767046758593 6.0 0
1767046758805 5.0 0
1767046759019 5.0 0
1767046759232 4.0 0
1767046759449 5.0 0
1767046759660 4.0 0
1767046759910 5.0 0
1767046760135 5.0 0
1767046760370 4.0 0
1767046760585 5.0 0
1767046760803 4.0 0
1767046761009 4.0 0
1767046761238 4.0 0
1767046761456 4.0 0
1767046761682 4.0 0
1767046761931 4.0 0
1767046762176 4.0 0
1767046762411 4.0 0
1767046762658 4.0 0
1767046762896 4.0 0
1767046763108 4.0 0
1767046763317 4.0 0
1767046763535 4.0 0
1767046763793 4.0 0
1767046764025 4.0 0
1767046764233 3.0 0
1767046764450 3.0 0
1767046764704 3.0 0
1767046764929 3.0 0
1767046765158 3.0 0
1767046765387 3.0 0
1767046765609 3.0 0
