1767046701736 0.36702942848205566 0
1767046702198 0.12427520751953125 0
1767046702403 0.11500740051269531 0
1767046702619 0.11177349090576172 0
1767046702830 0.11921572685241699 0
1767046703055 0.11754226684570312 0
1767046703281 0.12312078475952148 0
1767046703534 0.14243841171264648 0
1767046703758 0.12859678268432617 0
1767046703971 0.11957073211669922 0
1767046704177 0.11705636978149414 0
1767046704422 0.14113259315490723 0
1767046704687 0.14801955223083496 0
1767046704932 0.1314547061920166 0
1767046705190 0.14651823043823242 0
1767046705429 0.12849807739257812 0
1767046705648 0.1263411045074463 0
1767046705895 0.14326858520507812 0
1767046706151 0.13858604431152344 0
1767046706357 0.11598777770996094 0
1767046706562 0.11780023574829102 0
1767046706811 0.13868927955627441 0
1767046707040 0.12525057792663574 0
1767046707247 0.11355233192443848 0
1767046707463 0.11617445945739746 0
1767046707692 0.13001012802124023 0
1767046707900 0.11604809761047363 0
1767046708138 0.12373208999633789 0
1767046708390 0.13634490966796875 0
1767046708614 0.12935638427734375 0
1767046708844 0.12355422973632812 0
1767046709055 0.12165307998657227 0
1767046709273 0.12178325653076172 0
1767046709508 0.12523365020751953 0
1767046709767 0.14045977592468262 0
1767046710010 0.12436890602111816 0
1767046710220 0.1181025505065918 0
1767046710448 0.13412094116210938 0
1767046710688 0.12475824356079102 0
1767046710893 0.11681962013244629 0
1767046711101 0.11472916603088379 0
1767046711323 0.12442564964294434 0
1767046711542 0.12822294235229492 0
1767046711782 0.13739752769470215 0
1767046712013 0.12717103958129883 0
1767046712217 0.12592363357543945 0
1767046712443 0.12213993072509766 0
1767046712659 0.12128186225891113 0
1767046712900 0.12948179244995117 0
1767046713120 0.12787795066833496 0
1767046713355 0.12676310539245605 0
1767046713581 0.12696337699890137 0
1767046713813 0.12068009376525879 0
1767046714026 0.11621499061584473 0
1767046714249 0.12414836883544922 0
1767046714481 0.12445592880249023 0
1767046714708 0.12427163124084473 0
1767046714952 0.13561558723449707 0
1767046715184 0.13664865493774414 0
1767046715432 0.13957691192626953 0
1767046715675 0.12608003616333008 0
1767046715881 0.12033581733703613 0
1767046716089 0.11403179168701172 0
1767046716306 0.12114381790161133 0
1767046716522 0.13188481330871582 0
1767046716769 0.14069676399230957 0
1767046716995 0.12853264808654785 0
1767046717231 0.12945246696472168 0
1767046717468 0.13138461112976074 0
1767046717693 0.12750887870788574 0
1767046717919 0.12618732452392578 0
1767046718128 0.11728572845458984 0
1767046718344 0.12163853645324707 0
1767046718574 0.1204061508178711 0
1767046718799 0.1243281364440918 0
1767046719015 0.12270379066467285 0
1767046719217 0.11809945106506348 0
1767046719453 0.12813210487365723 0
1767046719694 0.1321566104888916 0
1767046719939 0.13209891319274902 0
1767046720164 0.126603364944458 0
1767046720376 0.11994504928588867 0
1767046720606 0.12531089782714844 0
1767046720824 0.12989211082458496 0
1767046721042 0.12802815437316895 0
1767046721275 0.1375904083251953 0
1767046721503 0.12660479545593262 0
1767046721710 0.12269425392150879 0
1767046721913 0.1193552017211914 0
1767046722128 0.12477827072143555 0
1767046722353 0.12375855445861816 0
1767046722581 0.13064169883728027 0
1767046722806 0.12456393241882324 0
1767046723020 0.12438225746154785 0
1767046723251 0.12930750846862793 0
1767046723474 0.1341876983642578 0
1767046723695 0.12204337120056152 0
1767046723918 0.12966299057006836 0
1767046724147 0.12297797203063965 0
1767046724350 0.11973190307617188 0
1767046724558 0.12071084976196289 0
1767046724786 0.12537646293640137 0
1767046725000 0.1230323314666748 0
1767046725230 0.12596487998962402 0
1767046725466 0.12356209754943848 0
1767046725698 0.1275193691253662 0
1767046725944 0.13457965850830078 0
1767046726175 0.12774252891540527 0
1767046726409 0.12229418754577637 0
1767046726624 0.12122321128845215 0
1767046726867 0.14217233657836914 0
1767046727114 0.1311628818511963 0
1767046727335 0.12551403045654297 0
1767046727563 0.13567852973937988 0
1767046727819 0.1535935401916504 0
1767046728077 0.14800620079040527 0
1767046728312 0.12934303283691406 0
1767046728549 0.13583135604858398 0
1767046728799 0.15115118026733398 0
1767046729035 0.13343334197998047 0
1767046729290 0.13826370239257812 0
1767046729501 0.11698651313781738 0
1767046729726 0.12258648872375488 0
1767046729940 0.12445998191833496 0
1767046730174 0.13983869552612305 0
1767046730415 0.1333026885986328 0
1767046730645 0.13421201705932617 0
1767046730864 0.10976243019104004 0
1767046731086 0.12644362449645996 0
1767046731316 0.1287832260131836 0
1767046731552 0.13355422019958496 0
1767046731800 0.13925409317016602 0
1767046732039 0.1312694549560547 0
1767046732264 0.1297438144683838 0
1767046732474 0.11826229095458984 0
1767046732697 0.12661337852478027 0
1767046732933 0.12730789184570312 0
1767046733157 0.12649130821228027 0
1767046733379 0.12168073654174805 0
1767046733606 0.12680387496948242 0
1767046733836 0.1333625316619873 0
1767046734080 0.13474202156066895 0
1767046734297 0.12138724327087402 0
1767046734505 0.126448392868042 0
1767046734718 0.11934971809387207 0
1767046734944 0.11878108978271484 0
1767046735167 0.12807106971740723 0
1767046735401 0.14079546928405762 0
1767046735632 0.11660575866699219 0
1767046735845 0.11894392967224121 0
1767046736061 0.1238250732421875 0
1767046736279 0.12564563751220703 0
1767046736512 0.1257178783416748 0
1767046736743 0.14090776443481445 0
1767046736973 0.1324481964111328 0
1767046737200 0.12465834617614746 0
1767046737411 0.12299656867980957 0
1767046737615 0.11992359161376953 0
1767046737834 0.12299871444702148 0
1767046738050 0.1217033863067627 0
1767046738269 0.129241943359375 0
1767046738495 0.12612152099609375 0
1767046738734 0.13163137435913086 0
1767046738958 0.1256401538848877 0
1767046739189 0.12730813026428223 0
1767046739430 0.14348125457763672 0
1767046739666 0.1272718906402588 0
1767046739877 0.12094426155090332 0
1767046740082 0.12325334548950195 0
1767046740290 0.12409019470214844 0
1767046740509 0.1211848258972168 0
1767046740723 0.12610387802124023 0
1767046740939 0.129119873046875 0
1767046741162 0.12497401237487793 0
1767046741383 0.12604475021362305 0
1767046741598 0.1255943775177002 0
1767046741823 0.1323528289794922 0
1767046742053 0.1258223056793213 0
1767046742309 0.14844322204589844 0
1767046742549 0.13753914833068848 0
1767046742804 0.15015673637390137 0
1767046743038 0.1398298740386963 0
1767046743318 0.14862537384033203 0
1767046743547 0.13112521171569824 0
1767046743780 0.1439039707183838 0
1767046743999 0.12054324150085449 0
1767046744219 0.13456296920776367 0
1767046744456 0.13376617431640625 0
1767046744690 0.13049530982971191 0
1767046744911 0.12813758850097656 0
1767046745144 0.13102078437805176 0
1767046745356 0.12132501602172852 0
1767046745571 0.12835907936096191 0
1767046745791 0.12494897842407227 0
1767046746011 0.12834906578063965 0
1767046746241 0.13338756561279297 0
1767046746472 0.1334550380706787 0
1767046746729 0.14235901832580566 0
1767046746949 0.11863946914672852 0
1767046747151 0.11604714393615723 0
1767046747369 0.12952828407287598 0
1767046747589 0.12050795555114746 0
1767046747805 0.12265467643737793 0
1767046748027 0.13127470016479492 0
1767046748243 0.12400412559509277 0
1767046748490 0.142439603805542 0
1767046748716 0.1203763484954834 0
1767046748936 0.12694001197814941 0
1767046749160 0.12767672538757324 0
1767046749388 0.12053179740905762 0
1767046749589 0.11399579048156738 0
1767046749798 0.12219095230102539 0
1767046750015 0.12371182441711426 0
1767046750227 0.12340569496154785 0
1767046750469 0.13076233863830566 0
1767046750706 0.1176443099975586 0
1767046750929 0.1196897029876709 0
1767046751151 0.12920689582824707 0
1767046751386 0.1264505386352539 0
1767046751586 0.11143922805786133 0
1767046751797 0.11541938781738281 0
1767046752010 0.11729860305786133 0
1767046752243 0.13167095184326172 0
1767046752468 0.13138294219970703 0
1767046752683 0.121612548828125 0
1767046752887 0.12595129013061523 0
1767046753094 0.11998987197875977 0
1767046753293 0.11643242835998535 0
1767046753514 0.12514400482177734 0
1767046753717 0.1217353343963623 0
1767046753936 0.12735366821289062 0
1767046754170 0.13819265365600586 0
1767046754378 0.11675548553466797 0
1767046754590 0.11308121681213379 0
1767046754795 0.12294507026672363 0
1767046755001 0.11396503448486328 0
1767046755225 0.13696837425231934 0
1767046755454 0.1320948600769043 0
1767046755661 0.11493420600891113 0
1767046755884 0.13271498680114746 0
1767046756090 0.12061476707458496 0
1767046756300 0.12055182456970215 0
1767046756535 0.12565851211547852 0
1767046756755 0.12973904609680176 0
1767046756968 0.12180256843566895 0
1767046757204 0.14721059799194336 0
1767046757490 0.1710343360900879 0
1767046757759 0.15848970413208008 0
1767046758063 0.1865389347076416 0
1767046758331 0.15826129913330078 0
1767046758593 0.15201640129089355 0
1767046758805 0.12483572959899902 0
1767046759019 0.11739158630371094 0
1767046759232 0.1187131404876709 0
1767046759449 0.12230324745178223 0
1767046759660 0.12250471115112305 0
1767046759910 0.15084481239318848 0
1767046760135 0.12773847579956055 0
1767046760370 0.12854766845703125 0
1767046760585 0.12596964836120605 0
1767046760803 0.12537097930908203 0
1767046761009 0.11643815040588379 0
1767046761238 0.13698530197143555 0
1767046761456 0.12512660026550293 0
1767046761682 0.13625240325927734 0
1767046761931 0.15147852897644043 0
1767046762176 0.1285998821258545 0
1767046762411 0.14343023300170898 0
1767046762658 0.12982511520385742 0
1767046762896 0.13353538513183594 0
1767046763108 0.1189875602722168 0
1767046763317 0.12077927589416504 0
1767046763535 0.12219429016113281 0
1767046763793 0.1470928192138672 0
1767046764025 0.13153553009033203 0
1767046764233 0.12173986434936523 0
1767046764450 0.12825417518615723 0
1767046764704 0.13906097412109375 0
1767046764929 0.1284935474395752 0
1767046765158 0.1235344409942627 0
1767046765387 0.12216043472290039 0
1767046765609 0.12851595878601074 0
