1767046701736 2.724577165748688 0
1767046702198 8.046657253361165 0
1767046702403 8.695092624840374 0
1767046702619 8.946665187751167 0
1767046702830 8.38815503962786 0
1767046703055 8.507577970337195 0
1767046703281 8.122105475149398 0
1767046703534 7.020578143046047 0
1767046703758 7.776244312851565 0
1767046703971 8.363250624107705 0
1767046704177 8.542892641098234 0
1767046704422 7.085535507041945 0
1767046704687 6.755864241776048 0
1767046704932 7.6071829527296995 0
1767046705190 6.825089253460301 0
1767046705429 7.7822176042749 0
1767046705648 7.915080399990187 0
1767046705895 6.979897222887877 0
1767046706151 7.2157337700766595 0
1767046706357 8.62159806613935 0
1767046706562 8.488947357768827 0
1767046706811 7.210362640857479 0
1767046707040 7.983995096499593 0
1767046707247 8.806512231430293 0
1767046707463 8.607743945361001 0
1767046707692 7.6917084477959 0
1767046707900 8.617116700668323 0
1767046708138 8.081977763647224 0
1767046708390 7.334340551731856 0
1767046708614 7.730580949572397 0
1767046708844 8.093612028775201 0
1767046709055 8.220096031357178 0
1767046709273 8.211309407278053 0
1767046709508 7.985074285888347 0
1767046709767 7.11947597393449 0
1767046710010 8.040594968570339 0
1767046710220 8.467217648650067 0
1767046710448 7.4559572229016755 0
1767046710688 8.015502394538998 0
1767046710893 8.560205887215114 0
1767046711101 8.716179456327708 0
1767046711323 8.036928100191806 0
1767046711542 7.798916337861608 0
1767046711782 7.278151337788289 0
1767046712013 7.863425535345354 0
1767046712217 7.941321034076666 0
1767046712443 8.18733066298127 0
1767046712659 8.245255979539722 0
1767046712900 7.723093580022317 0
1767046713120 7.819956409792695 0
1767046713355 7.8887306910320625 0
1767046713581 7.8762870336116935 0
1767046713813 8.28637075759282 0
1767046714026 8.604741907225694 0
1767046714249 8.05487828297959 0
1767046714481 8.034972778090673 0
1767046714708 8.046888819395548 0
1767046714952 7.373783651217535 0
1767046715184 7.318037637879353 0
1767046715432 7.164508701326209 0
1767046715675 7.93146980624714 0
1767046715881 8.310077765119619 0
1767046716089 8.769484239489508 0
1767046716306 8.254651515211153 0
1767046716522 7.5823741559932385 0
1767046716769 7.107484007625503 0
1767046716995 7.780124465549383 0
1767046717231 7.724843129274002 0
1767046717468 7.6112414642865565 0
1767046717693 7.842591120975447 0
1767046717919 7.924726225655055 0
1767046718128 8.526186546107999 0
1767046718344 8.221078855090957 0
1767046718574 8.305223555502753 0
1767046718799 8.043231633651025 0
1767046719015 8.149707475075633 0
1767046719217 8.467439865144495 0
1767046719453 7.804445271433223 0
1767046719694 7.566780021829137 0
1767046719939 7.570084990335034 0
1767046720164 7.898684213004201 0
1767046720376 8.337151103389878 0
1767046720606 7.980151904899618 0
1767046720824 7.698696969752591 0
1767046721042 7.810781971325297 0
1767046721275 7.267948486906858 0
1767046721503 7.898594965528541 0
1767046721710 8.15034093316 0
1767046721913 8.378352896055228 0
1767046722128 8.014215890461214 0
1767046722353 8.080249517897977 0
1767046722581 7.65452385341025 0
1767046722806 8.028006025353186 0
1767046723020 8.039731875015574 0
1767046723251 7.733502963925842 0
1767046723474 7.45224794962546 0
1767046723695 8.193808399119337 0
1767046723918 7.712300908713129 0
1767046724147 8.131537571223346 0
1767046724350 8.351992863287348 0
1767046724558 8.284259467744294 0
1767046724786 7.975978717052031 0
1767046725000 8.127944809945062 0
1767046725230 7.938720698041962 0
1767046725466 8.093096668255326 0
1767046725698 7.841945947967206 0
1767046725944 7.4305434497615455 0
1767046726175 7.8282464617733405 0
1767046726409 8.177003503340552 0
1767046726624 8.249245250734099 0
1767046726867 7.033717135603054 0
1767046727114 7.624108176690534 0
1767046727335 7.9672367811201195 0
1767046727563 7.370362885866061 0
1767046727819 6.510690480551615 0
1767046728077 6.756473679208354 0
1767046728312 7.731378939141463 0
1767046728549 7.362070357615522 0
1767046728799 6.615892765318452 0
1767046729035 7.49437872994318 0
1767046729290 7.232556214650296 0
1767046729501 8.547993894150327 0
1767046729726 8.15750585901413 0
1767046729940 8.034711114261249 0
1767046730174 7.151096456082083 0
1767046730415 7.501724162600695 0
1767046730645 7.450897631305002 0
1767046730864 9.110585454964085 0
1767046731086 7.908662884208899 0
1767046731316 7.764986411333022 0
1767046731552 7.487595663436083 0
1767046731800 7.181117461143622 0
1767046732039 7.617918428432356 0
1767046732264 7.707496531510424 0
1767046732474 8.455780722056012 0
1767046732697 7.898059523024922 0
1767046732933 7.854972582626674 0
1767046733157 7.905681537594503 0
1767046733379 8.218227703256094 0
1767046733606 7.886194331527073 0
1767046733836 7.4983579536007925 0
1767046734080 7.421589704661956 0
1767046734297 8.238097950445363 0
1767046734505 7.908364648363479 0
1767046734718 8.37873784681645 0
1767046734944 8.418848503825743 0
1767046735167 7.808164655815953 0
1767046735401 7.102501274259617 0
1767046735632 8.575905782285107 0
1767046735845 8.407322700330937 0
1767046736061 8.075908810844115 0
1767046736279 7.9588915285884525 0
1767046736512 7.954318138285868 0
1767046736743 7.096841000998291 0
1767046736973 7.550121686035627 0
1767046737200 8.021925772919834 0
1767046737411 8.130308111303876 0
1767046737615 8.338642852030633 0
1767046737834 8.130166274467236 0
1767046738050 8.21669823943455 0
1767046738269 7.737426210153483 0
1767046738495 7.928860927953542 0
1767046738734 7.596973023100804 0
1767046738958 7.959238898387583 0
1767046739189 7.854957872086207 0
1767046739430 6.9695515483446435 0
1767046739666 7.857194506731708 0
1767046739877 8.268271575490314 0
1767046740082 8.113370034934869 0
1767046740290 8.058654452112698 0
1767046740509 8.251858205813262 0
1767046740723 7.929970241133787 0
1767046740939 7.744741195934767 0
1767046741162 8.001663553862326 0
1767046741383 7.933690203718766 0
1767046741598 7.962139864573703 0
1767046741823 7.5555619604847895 0
1767046742053 7.947716381455157 0
1767046742309 6.736582419982782 0
1767046742549 7.270657206598934 0
1767046742804 6.659707876907541 0
1767046743038 7.1515475993582145 0
1767046743318 6.7283262215663 0
1767046743547 7.626298458668422 0
1767046743780 6.949078576552784 0
1767046743999 8.295778241477862 0
1767046744219 7.431465029996563 0
1767046744456 7.475731477784748 0
1767046744690 7.663110661256228 0
1767046744911 7.804111281463509 0
1767046745144 7.632376838124908 0
1767046745356 8.242323247012031 0
1767046745571 7.790644845526462 0
1767046745791 8.003266714242645 0
1767046746011 7.7912526586604995 0
1767046746241 7.496950674569413 0
1767046746472 7.493160351656361 0
1767046746729 7.024493507755022 0
1767046746949 8.428898133076103 0
1767046747151 8.617187516050762 0
1767046747369 7.720321527901767 0
1767046747589 8.298207329354018 0
1767046747805 8.152970836872704 0
1767046748027 7.617614047068139 0
1767046748243 8.06424782402218 0
1767046748490 7.020519387046289 0
1767046748716 8.307279731429308 0
1767046748936 7.877736770437151 0
1767046749160 7.832281075226651 0
1767046749388 8.296565897928383 0
1767046749589 8.77225374529681 0
1767046749798 8.183911993225445 0
1767046750015 8.083301694980584 0
1767046750227 8.103353741588599 0
1767046750469 7.647461879418077 0
1767046750706 8.500198607316856 0
1767046750929 8.35493760146609 0
1767046751151 7.739524996632425 0
1767046751386 7.908230449571245 0
1767046751586 8.973500780898997 0
1767046751797 8.664055657462033 0
1767046752010 8.52525071851638 0
1767046752243 7.59468953479108 0
1767046752468 7.611338148296011 0
1767046752683 8.222835633626097 0
1767046752887 7.939577268029333 0
1767046753094 8.334036727508275 0
1767046753293 8.58867253810256 0
1767046753514 7.990794296731518 0
1767046753717 8.214541858028378 0
1767046753936 7.852149168788378 0
1767046754170 7.236274675564419 0
1767046754378 8.564908067664813 0
1767046754590 8.843201622611993 0
1767046754795 8.133713680675006 0
1767046755001 8.774621132877549 0
1767046755225 7.30095546113315 0
1767046755454 7.57031726607538 0
1767046755661 8.70062999280186 0
1767046755884 7.5349440489214885 0
1767046756090 8.290858775042253 0
1767046756300 8.295187597279439 0
1767046756535 7.958076083863011 0
1767046756755 7.7077798094328 0
1767046756968 8.210007496912173 0
1767046757204 6.792989184479291 0
1767046757490 5.846779207382522 0
1767046757759 6.309558122252743 0
1767046758063 5.360811144157536 0
1767046758331 6.3186641679070075 0
1767046758593 6.578237555343999 0
1767046758805 8.010527140044195 0
1767046759019 8.518498058394398 0
1767046759232 8.423667303316403 0
1767046759449 8.176397772219808 0
1767046759660 8.162951372265104 0
1767046759910 6.6293297338818915 0
1767046760135 7.828494850440671 0
1767046760370 7.779215383702297 0
1767046760585 7.938420190970087 0
1767046760803 7.97632758004275 0
1767046761009 8.58825047043575 0
1767046761238 7.300053258330752 0
1767046761456 7.99190578085016 0
1767046761682 7.3393200859516625 0
1767046761931 6.601595663472087 0
1767046762176 7.7760568942151 0
1767046762411 6.972030785086188 0
1767046762658 7.70266984496608 0
1767046762896 7.488651783291197 0
1767046763108 8.40423988618831 0
1767046763317 8.279566114274997 0
1767046763535 8.183688441426677 0
1767046763793 6.798428402857921 0
1767046764025 7.602508609751677 0
1767046764233 8.214236194072235 0
1767046764450 7.797017122822933 0
1767046764704 7.1910901409996155 0
1767046764929 7.78249196108665 0
1767046765158 8.094908528759547 0
1767046765387 8.185956461830914 0
1767046765609 7.781134805717625 0
