1767047129631 8.602112430525647 0
1767047129762 9.062593044737097 0
1767047129896 8.848891964421341 0
1767047130029 8.73671361737051 0
1767047130182 7.746429033151722 0
1767047130338 7.599781118974883 0
1767047130498 7.288002946961641 0
1767047130674 6.603466489915251 0
1767047130860 6.295683551504836 0
1767047131035 6.744381697261279 0
1767047131200 7.216888428522021 0
1767047131374 6.653042189983409 0
1767047131550 6.662352494547719 0
1767047131716 7.312258215233988 0
1767047131913 5.79094998384616 0
1767047132084 6.840595026657469 0
1767047132256 6.860522631213933 0
1767047132437 6.605067927743211 0
1767047132632 6.190626176155861 0
1767047132814 6.373895970482217 0
1767047132984 7.059002521130032 0
1767047133154 7.0503168546502835 0
1767047133308 7.582086314548814 0
1767047133463 7.643420374052159 0
1767047133623 7.648340426773451 0
1767047133798 6.721533308761077 0
1767047133972 6.715947538064685 0
1767047134138 7.193199026570375 0
1767047134300 7.703660167212777 0
1767047134447 8.233602204890728 0
1767047134603 7.66458101865388 0
1767047134758 7.666780605949824 0
1767047134921 7.120237391947959 0
1767047135084 7.244073381946052 0
1767047135265 6.56002677623234 0
1767047135452 6.159136197500987 0
1767047135611 7.454857303328849 0
1767047135763 8.095299122204294 0
1767047135915 7.810840153821801 0
1767047136072 7.658954703323753 0
1767047136232 7.488451231291387 0
1767047136396 7.142462557579163 0
1767047136556 7.404557162251147 0
1767047136716 7.475824749709918 0
1767047136886 6.9835115159648415 0
1767047137064 6.792164153121918 0
1767047137226 7.339898046860645 0
1767047137384 7.420302982589912 0
1767047137546 7.4105620240640295 0
1767047137707 7.186001846911905 0
1767047137856 8.059660996104972 0
1767047138008 7.893719170335016 0
1767047138161 7.931004880410098 0
1767047138318 7.498170285871604 0
1767047138477 7.386080518995678 0
1767047138627 7.987248750297548 0
1767047138784 7.609391129551652 0
1767047138943 7.6368655069571645 0
1767047139131 6.1455633977198305 0
1767047139289 7.489266876412841 0
1767047139447 7.6795968961590155 0
1767047139606 7.391742784585262 0
1767047139768 7.482052581067533 0
1767047139923 7.544187134082182 0
1767047140085 7.529628033893437 0
1767047140240 7.500127854142564 0
1767047140395 7.613521098126346 0
1767047140551 7.483614498675207 0
1767047140701 7.854443037879866 0
1767047140857 7.758809884088748 0
1767047141016 7.476930865685264 0
1767047141184 7.2626377013357155 0
1767047141346 7.431254362932174 0
1767047141526 6.708761064494768 0
1767047141695 7.16070468246096 0
1767047141856 7.29426413965573 0
1767047142023 7.048243528235462 0
1767047142192 7.222741894377209 0
1767047142351 7.737226385091884 0
1767047142502 7.5270066076370075 0
1767047142682 6.640938720643209 0
1767047142840 7.7019909139988325 0
1767047142998 7.612982152353882 0
1767047143160 7.316250527659841 0
1767047143331 6.89200838023251 0
1767047143502 6.988573161425339 0
1767047143681 6.635276101765165 0
1767047143869 6.458249993455991 0
1767047144050 6.757932422351442 0
1767047144223 7.00902216689087 0
1767047144389 7.393071744966325 0
1767047144556 7.0972733149004865 0
1767047144727 7.000400566133469 0
1767047144882 7.620298976039766 0
1767047145035 7.9294905000472635 0
1767047145186 7.9717644375599885 0
1767047145345 7.758881647708669 0
1767047145505 7.569442890400823 0
1767047145670 7.203081610117243 0
1767047145834 7.484896559231506 0
1767047146004 7.219385243503196 0
1767047146170 7.153572348347242 0
1767047146343 6.761865456046224 0
1767047146505 7.3580020805813 0
1767047146671 7.154804835028368 0
1767047146865 5.949249234766969 0
1767047147028 7.279161828995482 0
1767047147188 7.381427042856338 0
1767047147355 7.189993023092364 0
1767047147517 7.323416997686499 0
1767047147671 7.860227768917807 0
1767047147833 7.567681090648619 0
1767047147986 7.663768751484588 0
1767047148151 7.403171801502061 0
1767047148314 7.553942659753227 0
1767047148479 7.388227253430943 0
1767047148646 7.447629769182827 0
1767047148831 6.242647857724382 0
1767047149009 6.64141191820603 0
1767047149192 6.570580844870963 0
1767047149356 7.470126113803415 0
1767047149508 7.836861596182376 0
1767047149667 7.393684269904562 0
1767047149851 6.4578124783484965 0
1767047150011 7.6407052111152 0
1767047150188 6.716420730682082 0
1767047150360 7.037623556376608 0
1767047150525 7.232830601243667 0
1767047150705 6.863913227049124 0
1767047150871 7.430293345993796 0
1767047151034 7.4064792283975684 0
1767047151187 8.010940233625938 0
1767047151341 7.689776491963355 0
1767047151498 7.7653170607979884 0
1767047151659 7.597757429195084 0
1767047151801 8.502283530806888 0
1767047151942 8.647425443524694 0
1767047152082 8.51948431809457 0
1767047152253 7.3309178363998955 0
1767047152410 7.350458625560357 0
1767047152574 7.510132751761011 0
1767047152715 8.502214591369885 0
1767047152856 8.490304871753867 0
1767047153006 8.064588945353584 0
1767047153155 8.195025116693467 0
1767047153306 8.341130286409756 0
1767047153465 7.659346318338367 0
1767047153637 7.103583882773957 0
1767047153811 7.111316074580329 0
1767047153970 7.729569449589132 0
1767047154129 7.4635860696942355 0
1767047154291 7.435614971555604 0
1767047154464 6.788031014877884 0
1767047154658 6.266796157121726 0
1767047154823 7.285142096871125 0
1767047154989 7.3474198306397085 0
1767047155161 7.020578143046047 0
1767047155339 6.735554695516861 0
1767047155507 7.278643917202316 0
1767047155674 7.1727666676927395 0
1767047155836 7.671744820484306 0
1767047156003 7.148208049928165 0
1767047156147 8.410812545119114 0
1767047156288 8.38657844801558 0
1767047156434 8.326393190083694 0
1767047156583 8.100552358144386 0
1767047156739 7.796292475468738 0
1767047156883 8.236108220194872 0
1767047157032 7.972128084604112 0
1767047157172 8.451657363934954 0
1767047157320 8.127708555372541 0
1767047157487 7.2983384172071 0
1767047157650 7.390791959175618 0
1767047157807 7.678514349945719 0
1767047157960 7.8736699831049375 0
1767047158115 7.901943126712058 0
1767047158270 7.472668122846463 0
1767047158416 8.211084356218555 0
1767047158570 7.889962377727615 0
1767047158736 7.203551708443895 0
1767047158907 7.175724064306525 0
1767047159064 7.704438456211506 0
1767047159214 8.183528769047665 0
1767047159362 8.003205629696343 0
1767047159529 7.316709986916703 0
1767047159697 7.147367560051258 0
1767047159851 7.89860983996776 0
1767047160004 7.981062999018138 0
1767047160160 7.692046992543253 0
1767047160316 7.64878675035834 0
1767047160477 7.9482887024610624 0
1767047160640 7.402688354230205 0
1767047160802 7.521202731393815 0
1767047160958 7.840274857047792 0
1767047161122 7.581921843535226 0
1767047161283 7.419357920041604 0
1767047161447 7.50606042710218 0
1767047161611 7.407185544143203 0
1767047161790 6.586315463843058 0
1767047161949 7.661808815738999 0
1767047162106 7.975675382734313 0
1767047162266 7.68725371963535 0
1767047162420 7.568322891705402 0
1767047162581 7.599712268279028 0
1767047162749 7.191065482987179 0
1767047162914 7.312870171963784 0
1767047163068 7.987111860972628 0
1767047163218 8.028267252632828 0
1767047163368 8.205799205304233 0
1767047163514 8.137358906405813 0
1767047163672 7.667088929226236 0
1767047163830 7.728344606857718 0
1767047164003 7.013557893610333 0
1767047164159 7.701382806632918 0
1767047164312 7.874512572210655 0
1767047164481 6.992732686571892 0
1767047164647 7.5289387191679635 0
1767047164808 7.585336079819296 0
1767047164970 7.327613526975159 0
1767047165131 7.278896547894236 0
1767047165311 6.46985580393778 0
1767047165477 7.2489310589170595 0
1767047165634 7.719170644984375 0
1767047165781 8.01270018358719 0
1767047165930 8.128669409619198 0
1767047166096 7.242172148838815 0
1767047166258 7.415147443603706 0
1767047166411 7.940614415884621 0
1767047166554 8.26214756930423 0
1767047166697 8.346142825304849 0
1767047166851 7.882548393159181 0
1767047167008 7.626617402119442 0
1767047167161 7.833714656053132 0
1767047167337 6.535341888598727 0
1767047167508 7.163958030515498 0
1767047167660 8.348186082986182 0
1767047167802 8.699637437671637 0
1767047167948 7.970613107420647 0
1767047168095 8.325831232506898 0
1767047168239 8.129331113467082 0
1767047168405 7.129326536544074 0
1767047168567 7.380543804945345 0
1767047168725 7.373187380352601 0
1767047168888 7.358867020138043 0
1767047169057 7.2800209671624385 0
1767047169240 6.600037451002915 0
1767047169402 7.407839660330838 0
1767047169559 7.462975187494996 0
1767047169716 7.58584367856006 0
1767047169849 9.003975716358827 0
1767047170002 8.22882075851123 0
1767047170153 7.877529632502503 0
1767047170318 7.333417257633615 0
1767047170478 7.612470915354152 0
1767047170630 8.025149001712444 0
1767047170783 7.754879266353585 0
1767047170930 7.925939223752662 0
1767047171079 8.268320473747915 0
1767047171233 7.815555816427875 0
1767047171376 8.343204282295746 0
1767047171537 7.474013026007467 0
1767047171689 7.871128526175141 0
1767047171844 7.802412731483635 0
1767047171997 7.814565637407332 0
1767047172153 7.7792442401783495 0
1767047172306 7.901407230186689 0
1767047172458 8.055760104022019 0
1767047172608 8.216231463887638 0
1767047172769 7.777426700192104 0
1767047172937 7.140602123298399 0
1767047173101 7.484963345254156 0
1767047173251 8.228514031012619 0
1767047173401 7.957200421924918 0
1767047173549 7.796785221013732 0
1767047173688 8.621846182940917 0
1767047173847 7.452645195222408 0
1767047174003 7.693232133882618 0
1767047174164 7.334019937156516 0
1767047174333 7.230872934463111 0
1767047174494 7.516593011544678 0
1767047174660 7.349569904343362 0
1767047174823 7.494164480878222 0
1767047174984 7.499014864637752 0
1767047175154 7.230274623644422 0
1767047175317 7.283965496581438 0
1767047175480 7.297576524176472 0
1767047175652 7.0909619611158075 0
1767047175819 7.297741587500435 0
1767047175982 7.333071082275151 0
1767047176143 7.582086314548814 0
1767047176305 7.487929846360387 0
1767047176464 7.518492825325123 0
1767047176644 6.758400660000064 0
1767047176827 6.5013555134288055 0
1767047176994 7.356376028441189 0
1767047177151 7.664889165037189 0
1767047177295 8.252897355879911 0
1767047177439 8.065550442573175 0
1767047177589 7.945247309628131 0
1767047177743 7.811101985783112 0
1767047177913 7.251788610295618 0
1767047178088 6.877238547784653 0
1767047178258 6.877013028322583 0
1767047178451 6.179143880822176 0
1767047178651 5.863674554699197 0
1767047178832 6.777599669062516 0
1767047179002 7.03726932130675 0
1767047179166 7.351334677065989 0
1767047179328 7.3879019104286225 0
1767047179507 6.520741575653932 0
1767047179701 6.260687849563321 0
1767047179875 7.064673968883326 0
1767047180035 7.558448485896965 0
1767047180201 7.19427244316525 0
1767047180376 6.7913833080739385 0
1767047180559 6.323627454675663 0
1767047180754 6.062289338428718 0
1767047180918 7.366854718028341 0
1767047181092 6.891736595032197 0
1767047181251 7.466788196422468 0
1767047181414 7.394557619244907 0
1767047181567 7.775999228759842 0
1767047181711 8.260731870642454 0
1767047181875 7.2536948964944745 0
1767047182025 7.881259782745539 0
1767047182181 7.512284937473805 0
1767047182330 8.097596574312362 0
1767047182481 7.992850023915832 0
1767047182628 8.3382450001988 0
1767047182782 7.5869002505268295 0
1767047182942 7.526736461290542 0
1767047183103 7.344756514628035 0
1767047183261 7.835265854802162 0
1767047183420 7.5864611199438565 0
1767047183588 7.186358901255551 0
1767047183772 6.620989256274014 0
1767047183936 7.1380015724929455 0
1767047184088 7.838809574092314 0
1767047184255 7.477690677097354 0
1767047184450 5.908843604499637 0
