1767047129631 0.0 0
1767047129762 0.0 0
1767047129896 0.0 0
1767047130029 0.0 0
1767047130182 0.0 0
1767047130338 0.0 0
1767047130498 0.0 0
1767047130674 0.0 0
1767047130860 0.0 0
1767047131035 0.0 0
1767047131200 0.0 0
1767047131374 0.0 0
1767047131550 0.0 0
1767047131716 0.0 0
1767047131913 0.0 0
1767047132084 0.0 0
1767047132256 0.0 0
1767047132437 3.0 0
1767047132632 3.0 0
1767047132814 3.0 0
1767047132984 3.0 0
1767047133154 3.0 0
1767047133308 3.0 0
1767047133463 3.0 0
1767047133623 3.0 0
1767047133798 3.0 0
1767047133972 3.0 0
1767047134138 3.0 0
1767047134300 3.0 0
1767047134447 3.0 0
1767047134603 3.0 0
1767047134758 3.0 0
1767047134921 4.0 0
1767047135084 3.0 0
1767047135265 4.0 0
1767047135452 3.0 0
1767047135611 4.0 0
1767047135763 4.0 0
1767047135915 3.0 0
1767047136072 3.0 0
1767047136232 3.0 0
1767047136396 3.0 0
1767047136556 3.0 0
1767047136716 3.0 0
1767047136886 3.0 0
1767047137064 3.0 0
1767047137226 3.0 0
1767047137384 3.0 0
1767047137546 3.0 0
1767047137707 3.0 0
1767047137856 3.0 0
1767047138008 3.0 0
1767047138161 3.0 0
1767047138318 3.0 0
1767047138477 3.0 0
1767047138627 3.0 0
1767047138784 3.0 0
1767047138943 3.0 0
1767047139131 4.0 0
1767047139289 4.0 0
1767047139447 3.0 0
1767047139606 3.0 0
1767047139768 3.0 0
1767047139923 3.0 0
1767047140085 3.0 0
1767047140240 4.0 0
1767047140395 5.0 0
1767047140551 5.0 0
1767047140701 5.0 0
1767047140857 5.0 0
1767047141016 5.0 0
1767047141184 5.0 0
1767047141346 5.0 0
1767047141526 5.0 0
1767047141695 5.0 0
1767047141856 5.0 0
1767047142023 5.0 0
1767047142192 5.0 0
1767047142351 5.0 0
1767047142502 5.0 0
1767047142682 5.0 0
1767047142840 5.0 0
1767047142998 5.0 0
1767047143160 5.0 0
1767047143331 5.0 0
1767047143502 5.0 0
1767047143681 5.0 0
1767047143869 5.0 0
1767047144050 5.0 0
1767047144223 5.0 0
1767047144389 5.0 0
1767047144556 5.0 0
1767047144727 5.0 0
1767047144882 5.0 0
1767047145035 4.0 0
1767047145186 4.0 0
1767047145345 4.0 0
1767047145505 4.0 0
1767047145670 5.0 0
1767047145834 5.0 0
1767047146004 5.0 0
1767047146170 5.0 0
1767047146343 5.0 0
1767047146505 5.0 0
1767047146671 5.0 0
1767047146865 5.0 0
1767047147028 5.0 0
1767047147188 5.0 0
1767047147355 5.0 0
1767047147517 5.0 0
1767047147671 5.0 0
1767047147833 5.0 0
1767047147986 5.0 0
1767047148151 5.0 0
1767047148314 5.0 0
1767047148479 5.0 0
1767047148646 5.0 0
1767047148831 5.0 0
1767047149009 5.0 0
1767047149192 5.0 0
1767047149356 5.0 0
1767047149508 5.0 0
1767047149667 4.0 0
1767047149851 5.0 0
1767047150011 5.0 0
1767047150188 5.0 0
1767047150360 4.0 0
1767047150525 4.0 0
1767047150705 4.0 0
1767047150871 4.0 0
1767047151034 5.0 0
1767047151187 5.0 0
1767047151341 5.0 0
1767047151498 5.0 0
1767047151659 5.0 0
1767047151801 5.0 0
1767047151942 5.0 0
1767047152082 5.0 0
1767047152253 5.0 0
1767047152410 5.0 0
1767047152574 5.0 0
1767047152715 5.0 0
1767047152856 5.0 0
1767047153006 5.0 0
1767047153155 5.0 0
1767047153306 5.0 0
1767047153465 5.0 0
1767047153637 5.0 0
1767047153811 5.0 0
1767047153970 5.0 0
1767047154129 5.0 0
1767047154291 5.0 0
1767047154464 5.0 0
1767047154658 5.0 0
1767047154823 5.0 0
1767047154989 5.0 0
1767047155161 5.0 0
1767047155339 6.0 0
1767047155507 6.0 0
1767047155674 6.0 0
1767047155836 6.0 0
1767047156003 5.0 0
1767047156147 6.0 0
1767047156288 6.0 0
1767047156434 6.0 0
1767047156583 6.0 0
1767047156739 6.0 0
1767047156883 6.0 0
1767047157032 5.0 0
1767047157172 5.0 0
1767047157320 5.0 0
1767047157487 5.0 0
1767047157650 5.0 0
1767047157807 5.0 0
1767047157960 5.0 0
1767047158115 5.0 0
1767047158270 6.0 0
1767047158416 6.0 0
1767047158570 5.0 0
1767047158736 5.0 0
1767047158907 5.0 0
1767047159064 5.0 0
1767047159214 5.0 0
1767047159362 5.0 0
1767047159529 4.0 0
1767047159697 4.0 0
1767047159851 4.0 0
1767047160004 4.0 0
1767047160160 4.0 0
1767047160316 4.0 0
1767047160477 4.0 0
1767047160640 4.0 0
1767047160802 4.0 0
1767047160958 4.0 0
1767047161122 4.0 0
1767047161283 4.0 0
1767047161447 4.0 0
1767047161611 4.0 0
1767047161790 4.0 0
1767047161949 4.0 0
1767047162106 4.0 0
1767047162266 4.0 0
1767047162420 4.0 0
1767047162581 4.0 0
1767047162749 4.0 0
1767047162914 4.0 0
1767047163068 4.0 0
1767047163218 4.0 0
1767047163368 4.0 0
1767047163514 4.0 0
1767047163672 4.0 0
1767047163830 4.0 0
1767047164003 4.0 0
1767047164159 3.0 0
1767047164312 5.0 0
1767047164481 5.0 0
1767047164647 4.0 0
1767047164808 4.0 0
1767047164970 4.0 0
1767047165131 4.0 0
1767047165311 4.0 0
1767047165477 4.0 0
1767047165634 4.0 0
1767047165781 4.0 0
1767047165930 4.0 0
1767047166096 4.0 0
1767047166258 4.0 0
1767047166411 4.0 0
1767047166554 4.0 0
1767047166697 4.0 0
1767047166851 4.0 0
1767047167008 4.0 0
1767047167161 4.0 0
1767047167337 3.0 0
1767047167508 3.0 0
1767047167660 4.0 0
1767047167802 4.0 0
1767047167948 3.0 0
1767047168095 3.0 0
1767047168239 3.0 0
1767047168405 3.0 0
1767047168567 1.0 0
1767047168725 1.0 0
1767047168888 1.0 0
1767047169057 1.0 0
1767047169240 1.0 0
1767047169402 1.0 0
1767047169559 1.0 0
1767047169716 1.0 0
1767047169849 1.0 0
1767047170002 1.0 0
1767047170153 1.0 0
1767047170318 1.0 0
1767047170478 1.0 0
1767047170630 1.0 0
1767047170783 1.0 0
1767047170930 1.0 0
1767047171079 1.0 0
1767047171233 1.0 0
1767047171376 1.0 0
1767047171537 1.0 0
1767047171689 2.0 0
1767047171844 2.0 0
1767047171997 1.0 0
1767047172153 2.0 0
1767047172306 1.0 0
1767047172458 1.0 0
1767047172608 2.0 0
1767047172769 3.0 0
1767047172937 1.0 0
1767047173101 2.0 0
1767047173251 2.0 0
1767047173401 1.0 0
1767047173549 1.0 0
1767047173688 2.0 0
1767047173847 1.0 0
1767047174003 1.0 0
1767047174164 2.0 0
1767047174333 2.0 0
1767047174494 2.0 0
1767047174660 2.0 0
1767047174823 2.0 0
1767047174984 2.0 0
1767047175154 2.0 0
1767047175317 2.0 0
1767047175480 2.0 0
1767047175652 2.0 0
1767047175819 2.0 0
1767047175982 2.0 0
1767047176143 2.0 0
1767047176305 2.0 0
1767047176464 2.0 0
1767047176644 2.0 0
1767047176827 1.0 0
1767047176994 1.0 0
1767047177151 1.0 0
1767047177295 1.0 0
1767047177439 1.0 0
1767047177589 1.0 0
1767047177743 1.0 0
1767047177913 1.0 0
1767047178088 1.0 0
1767047178258 1.0 0
1767047178451 2.0 0
1767047178651 1.0 0
1767047178832 2.0 0
1767047179002 2.0 0
1767047179166 3.0 0
1767047179328 3.0 0
1767047179507 3.0 0
1767047179701 3.0 0
1767047179875 3.0 0
1767047180035 3.0 0
1767047180201 3.0 0
1767047180376 2.0 0
1767047180559 2.0 0
1767047180754 2.0 0
1767047180918 2.0 0
1767047181092 3.0 0
1767047181251 2.0 0
1767047181414 3.0 0
1767047181567 3.0 0
1767047181711 3.0 0
1767047181875 3.0 0
1767047182025 3.0 0
1767047182181 3.0 0
1767047182330 3.0 0
1767047182481 3.0 0
1767047182628 3.0 0
1767047182782 3.0 0
1767047182942 3.0 0
1767047183103 3.0 0
1767047183261 3.0 0
1767047183420 2.0 0
1767047183588 2.0 0
1767047183772 2.0 0
1767047183936 2.0 0
1767047184088 2.0 0
1767047184255 2.0 0
1767047184450 2.0 0
