1767047129631 0.11625051498413086 0
1767047129762 0.11034369468688965 0
1767047129896 0.11300849914550781 0
1767047130029 0.11445951461791992 0
1767047130182 0.12909173965454102 0
1767047130338 0.13158273696899414 0
1767047130498 0.13721179962158203 0
1767047130674 0.15143561363220215 0
1767047130860 0.15883898735046387 0
1767047131035 0.1482715606689453 0
1767047131200 0.138563871383667 0
1767047131374 0.15030717849731445 0
1767047131550 0.15009713172912598 0
1767047131716 0.13675665855407715 0
1767047131913 0.1726832389831543 0
1767047132084 0.14618611335754395 0
1767047132256 0.14576148986816406 0
1767047132437 0.1513988971710205 0
1767047132632 0.16153454780578613 0
1767047132814 0.1568899154663086 0
1767047132984 0.1416630744934082 0
1767047133154 0.14183759689331055 0
1767047133308 0.13188982009887695 0
1767047133463 0.13083148002624512 0
1767047133623 0.13074731826782227 0
1767047133798 0.14877557754516602 0
1767047133972 0.14889931678771973 0
1767047134138 0.13902020454406738 0
1767047134300 0.1298084259033203 0
1767047134447 0.12145352363586426 0
1767047134603 0.13047027587890625 0
1767047134758 0.1304328441619873 0
1767047134921 0.14044475555419922 0
1767047135084 0.13804388046264648 0
1767047135265 0.15243840217590332 0
1767047135452 0.16236042976379395 0
1767047135611 0.1341407299041748 0
1767047135763 0.12352848052978516 0
1767047135915 0.12802720069885254 0
1767047136072 0.13056612014770508 0
1767047136232 0.13353896141052246 0
1767047136396 0.14000773429870605 0
1767047136556 0.13505196571350098 0
1767047136716 0.13376450538635254 0
1767047136886 0.14319443702697754 0
1767047137064 0.14722847938537598 0
1767047137226 0.13624167442321777 0
1767047137384 0.1347653865814209 0
1767047137546 0.13494253158569336 0
1767047137707 0.1391594409942627 0
1767047137856 0.12407469749450684 0
1767047138008 0.12668299674987793 0
1767047138161 0.12608742713928223 0
1767047138318 0.13336586952209473 0
1767047138477 0.1353898048400879 0
1767047138627 0.125199556350708 0
1767047138784 0.13141655921936035 0
1767047138943 0.13094377517700195 0
1767047139131 0.1627190113067627 0
1767047139289 0.13352441787719727 0
1767047139447 0.13021516799926758 0
1767047139606 0.1352860927581787 0
1767047139768 0.1336531639099121 0
1767047139923 0.1325523853302002 0
1767047140085 0.13280868530273438 0
1767047140240 0.1333310604095459 0
1767047140395 0.13134527206420898 0
1767047140551 0.13362526893615723 0
1767047140701 0.12731647491455078 0
1767047140857 0.12888574600219727 0
1767047141016 0.1337447166442871 0
1767047141184 0.13769102096557617 0
1767047141346 0.1345667839050293 0
1767047141526 0.14905881881713867 0
1767047141695 0.13965106010437012 0
1767047141856 0.13709402084350586 0
1767047142023 0.14187932014465332 0
1767047142192 0.13845157623291016 0
1767047142351 0.12924528121948242 0
1767047142502 0.13285493850708008 0
1767047142682 0.15058112144470215 0
1767047142840 0.1298365592956543 0
1767047142998 0.13135457038879395 0
1767047143160 0.13668203353881836 0
1767047143331 0.1450955867767334 0
1767047143502 0.14309072494506836 0
1767047143681 0.1507096290588379 0
1767047143869 0.15484070777893066 0
1767047144050 0.14797425270080566 0
1767047144223 0.14267325401306152 0
1767047144389 0.13526177406311035 0
1767047144556 0.1408991813659668 0
1767047144727 0.14284896850585938 0
1767047144882 0.13122844696044922 0
1767047145035 0.12611150741577148 0
1767047145186 0.1254427433013916 0
1767047145345 0.12888455390930176 0
1767047145505 0.1321101188659668 0
1767047145670 0.13882946968078613 0
1767047145834 0.13360238075256348 0
1767047146004 0.13851594924926758 0
1767047146170 0.13979029655456543 0
1767047146343 0.14788818359375 0
1767047146505 0.13590645790100098 0
1767047146671 0.13976621627807617 0
1767047146865 0.16808843612670898 0
1767047147028 0.13737845420837402 0
1767047147188 0.13547515869140625 0
1767047147355 0.1390821933746338 0
1767047147517 0.13654828071594238 0
1767047147671 0.12722277641296387 0
1767047147833 0.1321408748626709 0
1767047147986 0.13048410415649414 0
1767047148151 0.13507723808288574 0
1767047148314 0.13238120079040527 0
1767047148479 0.13535046577453613 0
1767047148646 0.13427090644836426 0
1767047148831 0.1601884365081787 0
1767047149009 0.15057039260864258 0
1767047149192 0.15219354629516602 0
1767047149356 0.133866548538208 0
1767047149508 0.12760210037231445 0
1767047149667 0.13525056838989258 0
1767047149851 0.15485119819641113 0
1767047150011 0.13087797164916992 0
1767047150188 0.14888882637023926 0
1767047150360 0.14209342002868652 0
1767047150525 0.1382584571838379 0
1767047150705 0.1456894874572754 0
1767047150871 0.1345841884613037 0
1767047151034 0.13501691818237305 0
1767047151187 0.12482929229736328 0
1767047151341 0.13004279136657715 0
1767047151498 0.12877774238586426 0
1767047151659 0.13161778450012207 0
1767047151801 0.1176154613494873 0
1767047151942 0.11564135551452637 0
1767047152082 0.11737799644470215 0
1767047152253 0.13640856742858887 0
1767047152410 0.1360459327697754 0
1767047152574 0.13315343856811523 0
1767047152715 0.11761641502380371 0
1767047152856 0.11778140068054199 0
1767047153006 0.12399888038635254 0
1767047153155 0.1220252513885498 0
1767047153306 0.1198878288269043 0
1767047153465 0.13055944442749023 0
1767047153637 0.14077401161193848 0
1767047153811 0.14062094688415527 0
1767047153970 0.12937331199645996 0
1767047154129 0.13398385047912598 0
1767047154291 0.13448786735534668 0
1767047154464 0.14731812477111816 0
1767047154658 0.15957117080688477 0
1767047154823 0.13726568222045898 0
1767047154989 0.13610219955444336 0
1767047155161 0.14243841171264648 0
1767047155339 0.14846587181091309 0
1767047155507 0.1373882293701172 0
1767047155674 0.13941621780395508 0
1767047155836 0.13034844398498535 0
1767047156003 0.13989520072937012 0
1767047156147 0.11889457702636719 0
1767047156288 0.11923813819885254 0
1767047156434 0.12010002136230469 0
1767047156583 0.12344837188720703 0
1767047156739 0.1282660961151123 0
1767047156883 0.12141656875610352 0
1767047157032 0.12543702125549316 0
1767047157172 0.11831998825073242 0
1767047157320 0.12303590774536133 0
1767047157487 0.13701748847961426 0
1767047157650 0.13530349731445312 0
1767047157807 0.1302335262298584 0
1767047157960 0.12700557708740234 0
1767047158115 0.12655115127563477 0
1767047158270 0.1338210105895996 0
1767047158416 0.12178659439086914 0
1767047158570 0.12674331665039062 0
1767047158736 0.13882040977478027 0
1767047158907 0.1393587589263916 0
1767047159064 0.12979531288146973 0
1767047159214 0.12219667434692383 0
1767047159362 0.12494993209838867 0
1767047159529 0.1366734504699707 0
1767047159697 0.13991165161132812 0
1767047159851 0.12660455703735352 0
1767047160004 0.12529659271240234 0
1767047160160 0.1300044059753418 0
1767047160316 0.13073968887329102 0
1767047160477 0.12581324577331543 0
1767047160640 0.1350860595703125 0
1767047160802 0.13295745849609375 0
1767047160958 0.1275465488433838 0
1767047161122 0.13189268112182617 0
1767047161283 0.1347825527191162 0
1767047161447 0.133225679397583 0
1767047161611 0.13500404357910156 0
1767047161790 0.15182995796203613 0
1767047161949 0.13051748275756836 0
1767047162106 0.1253812313079834 0
1767047162266 0.13008546829223633 0
1767047162420 0.13212966918945312 0
1767047162581 0.13158392906188965 0
1767047162749 0.13906145095825195 0
1767047162914 0.13674521446228027 0
1767047163068 0.12520170211791992 0
1767047163218 0.12455987930297852 0
1767047163368 0.12186503410339355 0
1767047163514 0.12288999557495117 0
1767047163672 0.13042759895324707 0
1767047163830 0.1293938159942627 0
1767047164003 0.14258098602294922 0
1767047164159 0.12984681129455566 0
1767047164312 0.12699198722839355 0
1767047164481 0.1430056095123291 0
1767047164647 0.13282084465026855 0
1767047164808 0.13183331489562988 0
1767047164970 0.13647007942199707 0
1767047165131 0.13738346099853516 0
1767047165311 0.15456295013427734 0
1767047165477 0.13795137405395508 0
1767047165634 0.1295475959777832 0
1767047165781 0.1248018741607666 0
1767047165930 0.12302136421203613 0
1767047166096 0.13808012008666992 0
1767047166258 0.1348590850830078 0
1767047166411 0.12593483924865723 0
1767047166554 0.12103390693664551 0
1767047166697 0.11981582641601562 0
1767047166851 0.1268625259399414 0
1767047167008 0.1311197280883789 0
1767047167161 0.1276533603668213 0
1767047167337 0.1530141830444336 0
1767047167508 0.1395876407623291 0
1767047167660 0.11978650093078613 0
1767047167802 0.11494731903076172 0
1767047167948 0.12546086311340332 0
1767047168095 0.12010812759399414 0
1767047168239 0.12301135063171387 0
1767047168405 0.14026570320129395 0
1767047168567 0.13549137115478516 0
1767047168725 0.13562655448913574 0
1767047168888 0.13589048385620117 0
1767047169057 0.13736224174499512 0
1767047169240 0.15151429176330566 0
1767047169402 0.13499212265014648 0
1767047169559 0.13399481773376465 0
1767047169716 0.13182449340820312 0
1767047169849 0.11106204986572266 0
1767047170002 0.12152409553527832 0
1767047170153 0.12694334983825684 0
1767047170318 0.13636207580566406 0
1767047170478 0.1313633918762207 0
1767047170630 0.12460827827453613 0
1767047170783 0.1289510726928711 0
1767047170930 0.12616801261901855 0
1767047171079 0.12094354629516602 0
1767047171233 0.12794995307922363 0
1767047171376 0.1198580265045166 0
1767047171537 0.13379693031311035 0
1767047171689 0.1270465850830078 0
1767047171844 0.12816548347473145 0
1767047171997 0.12796616554260254 0
1767047172153 0.12854719161987305 0
1767047172306 0.12655973434448242 0
1767047172458 0.12413477897644043 0
1767047172608 0.12171030044555664 0
1767047172769 0.12857723236083984 0
1767047172937 0.1400442123413086 0
1767047173101 0.13360118865966797 0
1767047173251 0.12152862548828125 0
1767047173401 0.1256723403930664 0
1767047173549 0.12825798988342285 0
1767047173688 0.11598443984985352 0
1767047173847 0.13418054580688477 0
1767047174003 0.12998437881469727 0
1767047174164 0.1363508701324463 0
1767047174333 0.13829588890075684 0
1767047174494 0.13303899765014648 0
1767047174660 0.1360623836517334 0
1767047174823 0.1334371566772461 0
1767047174984 0.13335084915161133 0
1767047175154 0.1383073329925537 0
1767047175317 0.13728785514831543 0
1767047175480 0.13703179359436035 0
1767047175652 0.14102458953857422 0
1767047175819 0.13702869415283203 0
1767047175982 0.1363685131072998 0
1767047176143 0.13188982009887695 0
1767047176305 0.13354825973510742 0
1767047176464 0.13300538063049316 0
1767047176644 0.1479640007019043 0
1767047176827 0.15381407737731934 0
1767047176994 0.13593649864196777 0
1767047177151 0.13046503067016602 0
1767047177295 0.1211695671081543 0
1767047177439 0.12398409843444824 0
1767047177589 0.12586140632629395 0
1767047177743 0.1280229091644287 0
1767047177913 0.13789701461791992 0
1767047178088 0.14540719985961914 0
1767047178258 0.14541196823120117 0
1767047178451 0.161834716796875 0
1767047178651 0.17054152488708496 0
1767047178832 0.14754486083984375 0
1767047179002 0.14210057258605957 0
1767047179166 0.13602972030639648 0
1767047179328 0.13535642623901367 0
1767047179507 0.15335679054260254 0
1767047179701 0.15972685813903809 0
1767047179875 0.14154934883117676 0
1767047180035 0.13230228424072266 0
1767047180201 0.13899946212768555 0
1767047180376 0.1472454071044922 0
1767047180559 0.15813708305358887 0
1767047180754 0.16495418548583984 0
1767047180918 0.1357431411743164 0
1767047181092 0.14510130882263184 0
1767047181251 0.1339263916015625 0
1767047181414 0.13523459434509277 0
1767047181567 0.1286008358001709 0
1767047181711 0.12105464935302734 0
1767047181875 0.13786077499389648 0
1767047182025 0.12688326835632324 0
1767047182181 0.13311529159545898 0
1767047182330 0.12349343299865723 0
1767047182481 0.12511181831359863 0
1767047182628 0.11992931365966797 0
1767047182782 0.1318061351776123 0
1767047182942 0.1328597068786621 0
1767047183103 0.13615155220031738 0
1767047183261 0.12762808799743652 0
1767047183420 0.13181376457214355 0
1767047183588 0.13915252685546875 0
1767047183772 0.15103483200073242 0
1767047183936 0.14009523391723633 0
1767047184088 0.12757039070129395 0
1767047184255 0.13373112678527832 0
1767047184450 0.16923785209655762 0
