1767046799993 7.673695804106246 0
1767046800128 8.985015348824257 0
1767046800249 9.435410142893137 0
1767046800378 9.29578351303731 0
1767046800517 8.296418200951033 0
1767046800660 8.281364331901871 0
1767046800811 7.704834736476644 0
1767046800956 8.138764216094335 0
1767046801103 7.918696700404591 0
1767046801254 7.685309918718255 0
1767046801418 7.154865860253114 0
1767046801574 7.4564874205338985 0
1767046801715 8.398602336780769 0
1767046801844 9.088179722304078 0
1767046801976 8.839362448709492 0
1767046802112 8.659708845104852 0
1767046802249 8.525406675515319 0
1767046802394 8.007009921176568 0
1767046802536 8.35468796685457 0
1767046802684 8.041920794547076 0
1767046802831 8.014705938554552 0
1767046802982 7.7812358541671305 0
1767046803140 7.448873071096596 0
1767046803286 8.162744850000486 0
1767046803436 7.801614523269223 0
1767046803576 8.596470660572647 0
1767046803711 9.150197214562462 0
1767046803846 8.557027413553561 0
1767046803990 8.170456803350541 0
1767046804140 8.102445818579412 0
1767046804286 7.981837592605632 0
1767046804429 8.207404914302039 0
1767046804570 8.329551480006753 0
1767046804712 8.1365064831268 0
1767046804863 7.886965449547012 0
1767046805056 6.032305154413805 0
1767046805215 7.541853895712747 0
1767046805370 7.598142810819232 0
1767046805516 8.232212428287395 0
1767046805674 7.377025940836812 0
1767046805824 7.708034777367145 0
1767046805970 7.829035515560807 0
1767046806110 8.605377458171336 0
1767046806244 8.669535632640068 0
1767046806384 8.452508967796541 0
1767046806539 7.7284870104863215 0
1767046806707 6.929584073355087 0
1767046806875 7.048622559671156 0
1767046807030 7.591926424831077 0
1767046807181 7.9941601498844035 0
1767046807345 7.183983310524612 0
1767046807508 7.2044797141777455 0
1767046807658 7.762658286416518 0
1767046807815 7.4606653634276014 0
1767046807977 7.208392339103296 0
1767046808135 7.481011664823601 0
1767046808281 8.190736195001161 0
1767046808438 7.462284745412913 0
1767046808600 7.277343146797698 0
1767046808761 7.390388257992899 0
1767046808916 7.822450334584138 0
1767046809075 7.432281477701228 0
