1767046799993 0.13031530380249023 0
1767046800128 0.11129641532897949 0
1767046800249 0.10598373413085938 0
1767046800378 0.10757565498352051 0
1767046800517 0.12053394317626953 0
1767046800660 0.12075304985046387 0
1767046800811 0.12978863716125488 0
1767046800956 0.12286877632141113 0
1767046801103 0.1262834072113037 0
1767046801254 0.13011837005615234 0
1767046801418 0.13976502418518066 0
1767046801574 0.1341114044189453 0
1767046801715 0.11906743049621582 0
1767046801844 0.11003303527832031 0
1767046801976 0.11313033103942871 0
1767046802112 0.11547732353210449 0
1767046802249 0.11729645729064941 0
1767046802394 0.12489056587219238 0
1767046802536 0.11969327926635742 0
1767046802684 0.12434840202331543 0
1767046802831 0.1247706413269043 0
1767046802982 0.12851428985595703 0
1767046803140 0.1342484951019287 0
1767046803286 0.12250781059265137 0
1767046803436 0.12817859649658203 0
1767046803576 0.11632680892944336 0
1767046803711 0.10928726196289062 0
1767046803846 0.11686301231384277 0
1767046803990 0.12239217758178711 0
1767046804140 0.12341952323913574 0
1767046804286 0.12528443336486816 0
1767046804429 0.1218411922454834 0
1767046804570 0.12005448341369629 0
1767046804712 0.12290287017822266 0
1767046804863 0.12679147720336914 0
1767046805056 0.16577410697937012 0
1767046805215 0.13259339332580566 0
1767046805370 0.13161110877990723 0
1767046805516 0.12147402763366699 0
1767046805674 0.13555598258972168 0
1767046805824 0.12973475456237793 0
1767046805970 0.1277296543121338 0
1767046806110 0.11620640754699707 0
1767046806244 0.11534643173217773 0
1767046806384 0.11830806732177734 0
1767046806539 0.12939143180847168 0
1767046806707 0.14430880546569824 0
1767046806875 0.14187169075012207 0
1767046807030 0.13171887397766113 0
1767046807181 0.1250913143157959 0
1767046807345 0.13919854164123535 0
1767046807508 0.13880252838134766 0
1767046807658 0.12882184982299805 0
1767046807815 0.13403630256652832 0
1767046807977 0.13872718811035156 0
1767046808135 0.13367176055908203 0
1767046808281 0.12208914756774902 0
1767046808438 0.13400721549987793 0
1767046808600 0.13741278648376465 0
1767046808761 0.13531088829040527 0
1767046808916 0.1278371810913086 0
1767046809075 0.13454818725585938 0
