1767046799993 0.0 0
1767046800128 0.0 0
1767046800249 0.0 0
1767046800378 0.0 0
1767046800517 0.0 0
1767046800660 0.0 0
1767046800811 0.0 0
1767046800956 0.0 0
1767046801103 0.0 0
1767046801254 0.0 0
1767046801418 0.0 0
1767046801574 0.0 0
1767046801715 0.0 0
1767046801844 0.0 0
1767046801976 0.0 0
1767046802112 0.0 0
1767046802249 0.0 0
1767046802394 3.0 0
1767046802536 3.0 0
1767046802684 3.0 0
1767046802831 3.0 0
1767046802982 3.0 0
1767046803140 3.0 0
1767046803286 3.0 0
1767046803436 3.0 0
1767046803576 3.0 0
1767046803711 3.0 0
1767046803846 3.0 0
1767046803990 3.0 0
1767046804140 3.0 0
1767046804286 3.0 0
1767046804429 3.0 0
1767046804570 4.0 0
1767046804712 3.0 0
1767046804863 4.0 0
1767046805056 3.0 0
1767046805215 4.0 0
1767046805370 4.0 0
1767046805516 3.0 0
1767046805674 3.0 0
1767046805824 3.0 0
1767046805970 3.0 0
1767046806110 3.0 0
1767046806244 3.0 0
1767046806384 3.0 0
1767046806539 3.0 0
1767046806707 3.0 0
1767046806875 3.0 0
1767046807030 3.0 0
1767046807181 3.0 0
1767046807345 3.0 0
1767046807508 3.0 0
1767046807658 3.0 0
1767046807815 3.0 0
1767046807977 3.0 0
1767046808135 3.0 0
1767046808281 3.0 0
1767046808438 3.0 0
1767046808600 4.0 0
1767046808761 4.0 0
1767046808916 3.0 0
1767046809075 3.0 0
