1764501054973 3.0003591013595776 0
1764501055183 16.942438661830167 0
1764501055271 13.64995639099702 0
1764501055361 14.857454578945317 0
1764501055450 13.782771141744574 0
1764501055531 13.50092059690731 0
1764501055621 13.535339714339191 0
1764501055701 15.157377392787577 0
1764501055792 12.648761452119736 0
1764501055878 14.065830289981925 0
1764501055962 14.156363489084796 0
1764501056039 14.995670376580707 0
1764501056118 14.989507390570946 0
1764501056205 14.531817662119884 0
1764501056294 13.223817540939157 0
1764501056379 13.939612683662855 0
1764501056463 14.556125866311293 0
1764501056557 12.867305179067756 0
1764501056640 13.651777954985597 0
1764501056723 13.977192900607168 0
1764501056803 15.625841495263039 0
1764501056895 12.656242267699048 0
1764501056979 14.152303378558486 0
1764501057068 13.110805471504664 0
1764501057149 14.398621347824744 0
1764501057236 13.187188540490915 0
1764501057318 12.788097016631859 0
1764501057407 13.523600099307748 0
1764501057494 13.989453637027673 0
1764501057580 13.918888693464835 0
1764501057665 14.934852585101837 0
1764501057743 15.355257714597421 0
1764501057834 13.72436765812637 0
1764501057919 13.808771918272745 0
1764501058003 13.892610024875045 0
1764501058094 13.340958609129338 0
1764501058183 13.579160704226265 0
1764501058270 13.62733847543423 0
1764501058360 13.16359778927844 0
1764501058440 15.467376673759363 0
1764501058532 13.85708480489489 0
1764501058612 15.060986469794031 0
1764501058690 15.020588245827021 0
1764501058773 13.943134484650034 0
1764501058853 14.971422860283987 0
1764501058938 14.623777082011339 0
1764501059025 14.099259119818209 0
1764501059106 15.225494502303262 0
1764501059187 14.663655369641372 0
1764501059271 14.987364930535705 0
1764501059355 14.225984791441965 0
1764501059435 15.065043658162514 0
1764501059520 14.843100617179095 0
1764501059605 13.705263433060162 0
1764501059690 13.747399196323805 0
1764501059773 13.930399548307815 0
1764501059861 13.644006375849843 0
1764501059943 14.848460389274765 0
1764501060028 14.11757736504453 0
1764501060110 14.593604191964705 0
1764501060190 15.015533542642958 0
1764501060271 14.976234003656307 0
1764501060356 14.704009479437264 0
1764501060435 15.19334062638103 0
1764501060522 14.508694554272214 0
1764501060612 13.611108767398013 0
1764501060701 13.673318098392507 0
1764501060789 13.625966077247195 0
1764501060874 14.111212790009152 0
1764501060959 14.56598321942546 0
1764501061041 14.544012039377641 0
1764501061125 13.91357885448526 0
1764501061205 14.909317114612845 0
1764501061293 13.764317101104938 0
1764501061379 14.054188809736026 0
1764501061463 15.01886711378635 0
1764501061560 13.04568145837286 0
1764501061652 12.675097987664282 0
1764501061740 14.102055980499285 0
1764501061829 13.915748472994986 0
1764501061920 13.14960748413634 0
1764501062010 13.900989967752306 0
1764501062100 13.039516758326313 0
1764501062193 12.837531601789902 0
1764501062277 14.749149013981489 0
1764501062362 14.716752864892177 0
1764501062458 13.163680416286129 0
1764501062540 14.560218838738345 0
1764501062623 13.891735778066295 0
1764501062707 14.334306200146273 0
1764501062793 14.017224496616258 0
1764501062877 14.709785120836651 0
1764501062962 13.740598658799865 0
1764501063054 13.271392002936327 0
1764501063144 12.68096119193605 0
1764501063229 13.786078187758429 0
1764501063318 14.130085737867839 0
1764501063403 14.10955134609627 0
1764501063488 13.935907446232362 0
1764501063574 13.68286373259998 0
1764501063663 13.315293064422427 0
1764501063748 13.928641640764061 0
1764501063835 13.773221334138958 0
1764501063924 13.063844366508649 0
1764501064005 14.995563150913648 0
1764501064095 13.606119390396605 0
1764501064184 13.034167927829381 0
1764501064271 13.720461764426867 0
1764501064357 13.953478469154202 0
1764501064441 14.322949890383079 0
1764501064524 14.772056984873299 0
1764501064605 14.750290131315191 0
1764501064694 12.888933958988257 0
1764501064780 13.718083401471791 0
1764501064865 13.742399470526754 0
1764501064956 13.771909835661868 0
1764501065041 13.767298962439728 0
1764501065124 14.328478947817917 0
1764501065207 14.342001511374633 0
1764501065297 13.259560638967132 0
1764501065384 14.153592808309318 0
1764501065476 13.0289448996962 0
1764501065556 15.164172629097628 0
1764501065647 12.72451035118802 0
1764501065733 13.580127956070143 0
1764501065820 13.088589661574948 0
1764501065910 13.201508274737657 0
1764501065993 14.62183983378188 0
1764501066080 13.740148529609282 0
1764501066163 14.826205911671344 0
1764501066251 13.60770852934497 0
1764501066339 13.588443209024613 0
1764501066429 13.534684552410026 0
1764501066513 13.755469485338729 0
1764501066599 13.6395694448961 0
1764501066681 14.161573394108213 0
1764501066770 13.577182663641102 0
1764501066856 13.717365567133037 0
1764501066943 14.197429483425685 0
1764501067029 14.33440417765991 0
1764501067115 14.536854181035528 0
1764501067204 13.567608308182997 0
1764501067293 13.942578292506989 0
1764501067386 12.681843057693063 0
1764501067471 13.766801895834154 0
1764501067556 14.478894243382443 0
1764501067644 14.640468851989793 0
1764501067733 13.517498316075118 0
1764501067813 15.19499188499884 0
1764501067898 14.092342841783422 0
1764501067986 13.873356090074356 0
1764501068072 13.59302314276177 0
1764501068161 13.728500448418751 0
1764501068247 13.782952308657919 0
1764501068335 13.745506980402439 0
1764501068422 13.742399470526754 0
1764501068510 13.961699648819133 0
1764501068594 14.635768845588826 0
1764501068677 14.772681325570666 0
1764501068766 13.382673979700906 0
1764501068853 13.851318818132883 0
1764501068938 14.664270580584711 0
1764501069035 12.725707160042841 0
1764501069125 13.425768308648653 0
1764501069210 14.49796234397846 0
1764501069297 13.411172609169713 0
1764501069393 12.511645666284842 0
1764501069473 15.20678128331001 0
1764501069557 14.771276633210071 0
1764501069640 14.286701114854162 0
1764501069726 14.148436498566369 0
1764501069811 13.698504508682602 0
1764501069895 14.776012034143712 0
1764501069980 13.816959962050586 0
1764501070063 14.30297326144854 0
1764501070150 13.738033317393041 0
1764501070241 13.76598859153358 0
1764501070327 13.885986896339384 0
1764501070409 14.552439109013948 0
1764501070494 14.333914303485138 0
1764501070580 14.41163292513641 0
1764501070671 13.50087713933479 0
1764501070766 12.866949919472352 0
1764501070850 14.331367497420267 0
1764501070937 13.797960392131062 0
1764501071023 13.546530931264574 0
1764501071114 13.698907171645253 0
1764501071199 14.072201197090479 0
1764501071285 14.371486624932757 0
1764501071370 14.57276473326894 0
1764501071454 14.208250621608254 0
1764501071537 13.724682022100568 0
1764501071628 13.891551740126916 0
1764501071713 13.904400088843804 0
1764501071798 13.784130009694858 0
1764501071888 13.854979205824351 0
1764501071974 13.868310199115191 0
1764501072060 14.123186746582261 0
1764501072145 14.220438109639293 0
1764501072229 14.51577446460955 0
1764501072313 14.94959777304919 0
1764501072408 13.060102007136763 0
1764501072489 14.986990062995108 0
1764501072574 14.501320720795475 0
1764501072665 13.739383377664801 0
1764501072749 14.738731520818618 0
1764501072831 14.996849960132867 0
1764501072919 13.777790917303113 0
1764501073006 14.154691396771723 0
1764501073092 13.920320734929042 0
1764501073181 13.602280503189526 0
1764501073263 14.645223014448627 0
1764501073349 14.974416097223115 0
1764501073445 12.887389463463796 0
1764501073531 13.736233649695755 0
1764501073623 13.41760797448472 0
1764501073705 14.552540091180981 0
1764501073789 14.352111085637636 0
1764501073872 14.335629009600826 0
1764501073953 14.804645088419047 0
1764501074038 14.108839418464623 0
1764501074123 14.16171684021447 0
1764501074210 13.871704303422366 0
1764501074308 12.574323736887706 0
1764501074399 13.589499842860521 0
1764501074484 13.566028520879625 0
1764501074570 14.07168187018355 0
1764501074654 14.556732087389591 0
1764501074738 14.183122833713755 0
1764501074820 14.26658276501301 0
1764501074907 13.712477319166327 0
1764501074998 13.395667323519925 0
1764501075089 13.762375068085023 0
1764501075175 14.465810875128472 0
1764501075264 13.876936311000827 0
1764501075350 13.705039520848514 0
1764501075439 13.746182712003277 0
1764501075525 13.749066580126598 0
1764501075608 14.864615635421577 0
1764501075692 14.317034124228988 0
1764501075779 13.86762240744843 0
1764501075868 13.76973962830307 0
1764501075950 14.604224263400162 0
1764501076040 13.835738083457034 0
1764501076125 13.784537722331041 0
1764501076211 13.553228271652412 0
1764501076299 13.797597273576589 0
1764501076385 13.939844326422632 0
1764501076465 14.897878431609344 0
1764501076555 13.146928374180728 0
1764501076645 13.806408289827976 0
1764501076730 13.936833570913537 0
1764501076814 14.276003144985891 0
1764501076895 15.004682810258538 0
1764501076981 14.291374346218717 0
1764501077065 14.433404336589847 0
1764501077154 13.928040353190035 0
1764501077238 14.518588261357186 0
1764501077327 13.546049678167378 0
1764501077414 14.093668725344587 0
1764501077505 13.486031040702741 0
1764501077586 14.936660897559168 0
1764501077671 13.985768494621505 0
1764501077755 14.990471697438867 0
1764501077841 14.807833390409145 0
1764501077930 13.984789226424468 0
1764501078016 13.733490064078426 0
1764501078100 14.751794601248571 0
1764501078184 14.535091002342634 0
1764501078266 14.740233633692734 0
1764501078355 13.809226554989268 0
1764501078440 14.521654531542667 0
1764501078531 13.750508967999764 0
1764501078620 14.171956831712608 0
1764501078701 14.796288848908175 0
1764501078790 13.838613995321476 0
1764501078873 14.651976161698025 0
1764501078958 14.566792620582351 0
1764501079040 14.753039911924335 0
1764501079123 14.592537957331922 0
1764501079212 13.277441697768577 0
1764501079295 14.456038767224324 0
1764501079378 14.77424240823127 0
1764501079458 14.99738619582435 0
1764501079549 13.538922387635735 0
1764501079633 14.019614003890712 0
1764501079719 13.724053308552861 0
1764501079807 13.500399124501094 0
1764501079888 14.773045548683413 0
1764501079970 15.157267842106975 0
1764501080057 13.923601682396253 0
1764501080141 14.124898970849722 0
1764501080231 13.208367842443213 0
1764501080319 13.533549088632837 0
1764501080410 13.729983468910094 0
1764501080495 14.52648276100923 0
1764501080579 14.663142733285788 0
1764501080662 14.546029610157207 0
1764501080743 14.800465789195103 0
1764501080836 13.539315723384131 0
1764501080924 14.063472158422215 0
1764501081004 15.020157925835736 0
1764501081088 13.842313353530953 0
1764501081173 13.914178894045602 0
1764501081263 13.750779449418568 0
1764501081348 13.975283467111817 0
1764501081434 13.715661011628363 0
1764501081517 15.164172629097628 0
1764501081604 13.844734991896432 0
1764501081682 15.466578166196507 0
1764501081768 14.68465295404814 0
1764501081850 14.95210255386502 0
1764501081938 13.808635533095195 0
1764501082024 13.931417487079331 0
1764501082109 13.765401264854823 0
1764501082188 15.723254785236056 0
1764501082271 14.551025505814438 0
1764501082347 15.992679132477198 0
1764501082432 13.908226945651093 0
1764501082519 13.786757914320557 0
1764501082607 13.782454111106 0
1764501082688 15.222731545499748 0
1764501082775 13.976261404455819 0
1764501082859 14.551984706604818 0
1764501082944 14.412474786869586 0
1764501083031 14.136514998314796 0
1764501083115 14.532774332143724 0
1764501083201 13.862351603606463 0
1764501083284 14.353093356785742 0
1764501083366 14.485494833397802 0
1764501083451 13.615615596118824 0
1764501083533 14.801876038861813 0
1764501083619 14.132085325462528 0
1764501083708 13.299249474441861 0
1764501083798 13.027852237466183 0
1764501083882 14.33122059391326 0
1764501083962 14.895867885998403 0
1764501084046 14.765972427583682 0
1764501084125 15.015587298177783 0
1764501084207 14.663142733285788 0
1764501084292 14.275565841870597 0
1764501084377 14.293858244102593 0
1764501084468 13.541020442424164 0
1764501084555 14.09565801855088 0
1764501084638 14.954501534918048 0
1764501084724 13.55949386731151 0
1764501084808 14.772004958863969 0
1764501084895 13.787483029870716 0
1764501084976 14.925074015030745 0
1764501085062 14.628979603225536 0
1764501085143 15.015264770742045 0
1764501085225 14.806840165496984 0
1764501085309 14.382624141442891 0
1764501085397 13.738888324756704 0
1764501085477 15.227595020349186 0
1764501085561 14.371831333392727 0
1764501085651 13.194863373537943 0
1764501085731 14.894545454545455 0
1764501085816 14.713603659541926 0
1764501085898 15.029684521335302 0
1764501085987 13.589015531954875 0
1764501086066 15.223173551199364 0
1764501086147 15.100460829493088 0
1764501086232 14.547845902514993 0
1764501086313 14.981262278101225 0
1764501086390 15.69759799995509 0
1764501086476 14.136133842026505 0
1764501086560 14.966668212943766 0
1764501086643 15.390698732579388 0
1764501086736 13.944710603395826 0
1764501086830 14.142187125945357 0
1764501086920 13.936648336129986 0
1764501087008 14.658889234500764 0
1764501087090 15.27512163855141 0
1764501087178 13.888975720889572 0
1764501087266 13.90951840871255 0
1764501087348 14.628367349785856 0
1764501087430 14.501521270122256 0
1764501087513 14.755427345165433 0
1764501087594 15.23688847071816 0
1764501087681 14.320993724349387 0
1764501087763 15.193450699123378 0
1764501087848 14.12447087586251 0
1764501087932 14.836222661624934 0
1764501088017 14.326472336268555 0
1764501088107 13.537873604028146 0
1764501088191 14.584165817665937 0
1764501088282 13.398577183180478 0
1764501088368 14.137467978967237 0
1764501088448 14.89470413392188 0
1764501088531 14.940119184586505 0
1764501088618 14.09821650655785 0
1764501088704 14.973186587224806 0
1764501088793 13.549419168098826 0
1764501088880 14.121617572294815 0
1764501088968 13.905644738848773 0
1764501089050 14.916156931918405 0
1764501089135 14.542398385681942 0
1764501089216 15.311143397411094 0
1764501089289 17.590679377115322 0
1764501089387 12.877537172980624 0
1764501089481 14.127468085823033 0
1764501089564 14.35761353639292 0
1764501089650 14.485244701388673 0
1764501089735 14.387459051539318 0
1764501089820 14.331073693417888 0
1764501089898 15.69759799995509 0
1764501089974 16.575197492955855 0
1764501090053 15.83013092690512 0
1764501090126 17.58713892161837 0
1764501090221 15.468916885492579 0
1764501090309 13.808635533095195 0
1764501090402 12.65055451499166 0
1764501090491 13.61570399514363 0
1764501090589 12.161774086918197 0
1764501090674 14.602546382528349 0
1764501090772 13.580743551719001 0
1764501090857 13.558704872245785 0
1764501090943 14.514317748471331 0
1764501091026 14.744430812712897 0
1764501091111 14.75475255744579 0
1764501091197 14.980245652507778 0
1764501091282 14.534285120243954 0
1764501091369 13.8719336947139 0
1764501091461 12.971405597649605 0
1764501091548 14.151061927495403 0
1764501091631 14.7351587585984 0
1764501091714 14.858980990101816 0
1764501091800 14.57124593535477 0
1764501091882 14.75708862407335 0
1764501091964 15.003931360379472 0
1764501092047 14.974416097223115 0
1764501092134 14.03331080493305 0
1764501092222 13.647913263612757 0
1764501092304 14.904337011175667 0
1764501092394 13.803909178572251 0
1764501092480 14.329262168228514 0
1764501092565 14.41425787760797 0
1764501092649 14.572967263579951 0
1764501092729 15.229087845933758 0
1764501092814 14.52115177554433 0
1764501092898 14.322949890383079 0
1764501092980 15.575879561203497 0
1764501093061 14.795453743747487 0
1764501093140 15.465038420128902 0
1764501093219 15.438852734179452 0
1764501093299 15.390021061592314 0
1764501093385 14.121617572294815 0
1764501093470 14.37695466480198 0
1764501093552 15.238715303008284 0
1764501093634 15.708886075759732 0
1764501093717 14.994919829111774 0
1764501093801 14.55935962899581 0
1764501093889 13.959376300068227 0
1764501093970 14.618731113612837 0
1764501094051 14.8707817762808 0
1764501094134 14.994008551041711 0
1764501094215 14.97302623124045 0
1764501094297 14.772733356344348 0
1764501094381 14.56163422881703 0
1764501094463 15.017522753800655 0
1764501094544 15.07576514566073 0
1764501094625 15.22090854326794 0
1764501094706 15.21776074944035 0
1764501094786 15.218312899796452 0
1764501094867 15.23279352961899 0
1764501094951 14.529451703640067 0
1764501095031 15.357225501252215 0
1764501095118 14.137039121773979 0
1764501095198 15.440444110674266 0
1764501095281 14.755946454643002 0
1764501095363 15.002643335682171 0
1764501095446 14.757919403814824 0
1764501095527 15.714418451301572 0
1764501095609 15.14506286514866 0
1764501095696 14.055695931046962 0
1764501095782 14.116056944771648 0
1764501095869 14.213306133237545 0
1764501095954 14.556277416847132 0
1764501096032 15.68984685365434 0
1764501096114 14.984634182067616 0
1764501096198 14.528646446732157 0
1764501096278 15.014082288676178 0
1764501096363 14.436136599871963 0
1764501096447 14.320064732653458 0
1764501096528 15.45717339229777 0
1764501096615 13.845649037906071 0
1764501096710 12.53145783413305 0
1764501096795 14.248021251588094 0
1764501096879 14.484544377717382 0
1764501096962 14.775231264575128 0
1764501097043 15.250739029099384 0
1764501097123 15.438113992307267 0
1764501097206 14.975004195125086 0
1764501097288 15.314497696054447 0
1764501097372 14.396990375241993 0
1764501097463 13.523948939024114 0
1764501097546 15.044617652650194 0
1764501097631 14.330290274968567 0
1764501097715 14.847777065847279 0
1764501097805 13.765762690726014 0
1764501097888 14.759425430540013 0
1764501097979 13.703875295278484 0
1764501098061 15.000658064146949 0
1764501098149 14.369271036746216 0
1764501098234 14.424618432184445 0
1764501098318 14.68249395274918 0
1764501098401 15.0089245457213 0
1764501098486 14.549915010233462 0
1764501098566 15.219306871414524 0
1764501098651 14.455590365016835 0
1764501098736 14.560926499382056 0
1764501098822 14.531465236491636 0
1764501098905 14.359186440213763 0
1764501098988 14.71809555892426 0
1764501099076 13.785489145617985 0
1764501099167 13.65404448148341 0
1764501099254 14.161477764985127 0
1764501099340 11.852836533706357 0
1764501099427 13.525606173472514 0
1764501099517 14.119858609661673 0
1764501099605 14.090496491068938 0
1764501099691 14.368532659150626 0
1764501099774 14.53851699850258 0
1764501099861 13.963140513476084 0
1764501099949 13.242940136398081 0
1764501100034 14.271388518387457 0
1764501100122 13.904722754487048 0
1764501100213 12.62021736252362 0
1764501100304 13.509704766383436 0
1764501100399 13.252982810920122 0
1764501100489 13.730747574213993 0
1764501100581 13.044383142429737 0
1764501100668 14.156315709536425 0
1764501100758 13.55410423042246 0
1764501100845 14.134847591285153 0
1764501100935 13.750554047497278 0
1764501101022 14.08533874228452 0
1764501101111 13.774216430654441 0
1764501101198 14.104474500124422 0
1764501101286 14.158370521398046 0
1764501101378 13.367234483308103 0
1764501101468 13.750373731280652 0
1764501101567 12.409477147388104 0
1764501101655 13.561773702283412 0
1764501101742 14.094331760689276 0
1764501101826 15.145172239474254 0
1764501101910 14.559865034210079 0
1764501102003 13.402901514667349 0
1764501102089 14.416982896111753 0
1764501102180 13.754928164076464 0
1764501102267 14.200505818264306 0
1764501102358 13.415934185442495 0
1764501102447 13.918657746628439 0
1764501102537 13.514623670465566 0
1764501102625 13.777971953314653 0
1764501102711 14.317620593486193 0
1764501102797 14.54280176553599 0
1764501102881 14.591674929116875 0
1764501102963 14.901371722131232 0
1764501103054 13.664809638303002 0
1764501103142 14.13756328409926 0
1764501103225 14.900048313297525 0
1764501103316 13.34707190794561 0
1764501103408 13.374736526583312 0
1764501103502 12.995479487282767 0
1764501103588 14.128990965377385 0
1764501103675 13.996642917925016 0
1764501103766 13.370600836478628 0
1764501103852 14.52899873564612 0
1764501103937 14.546786343520663 0
1764501104022 14.374096971857051 0
1764501104115 13.392673199671753 0
1764501104206 13.348558625650035 0
1764501104289 14.710662177328844 0
1764501104373 14.4783444657312 0
1764501104459 13.920043542616673 0
1764501104548 13.66391931248819 0
1764501104639 13.738168311480726 0
1764501104730 13.370046763082984 0
1764501104816 14.141185831518332 0
1764501104912 12.520945839042579 0
1764501104998 14.135038132180325 0
1764501105084 14.155981261728295 0
1764501105177 13.500833682042039 0
1764501105264 14.117719921237315 0
1764501105352 13.596812728339552 0
1764501105439 14.064934106837464 0
1764501105530 13.65764580613019 0
1764501105609 15.462643868846174 0
1764501105693 14.994866221453188 0
1764501105780 14.118147607090203 0
1764501105869 13.955428381300948 0
1764501105955 14.12656403140356 0
1764501106038 14.714532793067761 0
1764501106128 13.705532137372153 0
1764501106209 14.716391412201018 0
1764501106300 13.196939186467983 0
1764501106386 14.322705340404244 0
1764501106473 14.36272673417184 0
1764501106560 14.137182071280748 0
1764501106648 13.73542395305275 0
1764501106736 14.018067759109913 0
1764501106821 13.621939020746456 0
1764501106908 14.165303937561003 0
1764501106997 13.652311187638947 0
1764501107081 14.555065100913357 0
1764501107168 13.717545018674656 0
1764501107255 13.756191313302919 0
1764501107343 13.808817380597285 0
1764501107428 14.772421177199854 0
1764501107512 14.482943892155813 0
1764501107599 14.230135573439005 0
1764501107688 14.078955936800341 0
1764501107780 13.011928287569452 0
1764501107865 14.539575353150186 0
1764501107948 14.813063086925965 0
1764501108036 14.519945303169301 0
1764501108122 14.770860479366666 0
1764501108212 13.737223408575808 0
1764501108296 14.64261551083105 0
1764501108378 15.200939389107145 0
1764501108464 14.759113813585564 0
1764501108553 13.747624494826168 0
1764501108638 14.846463159087048 0
1764501108723 14.531918358296348 0
1764501108809 14.307949990618978 0
1764501108893 14.616540514922148 0
1764501108982 13.60770852934497 0
1764501109063 15.029953809713218 0
1764501109148 15.054175310644835 0
1764501109236 14.325885141643155 0
1764501109321 14.305900329823627 0
1764501109409 13.930492082049103 0
1764501109495 14.459178361756624 0
1764501109582 14.14829332136966 0
1764501109668 14.505934759151149 0
1764501109753 14.01670921947894 0
1764501109846 13.022836437702011 0
1764501109932 14.031198252416141 0
1764501110020 13.804681534532241 0
1764501110104 14.536904563855154 0
1764501110188 14.35137447050209 0
1764501110270 14.972224502836092 0
1764501110355 14.786117427246928 0
1764501110442 14.172100488249903 0
1764501110529 14.162721044332114 0
1764501110614 14.478894243382443 0
1764501110701 13.776523798418804 0
1764501110787 14.340726557825455 0
1764501110871 14.794670918268366 0
1764501110955 14.574486420370834 0
1764501111044 13.744020604706183 0
1764501111128 14.546786343520663 0
1764501111211 14.86319340595477 0
1764501111295 14.6495197513185 0
1764501111379 14.79754168342471 0
1764501111460 14.75003077096206 0
1764501111556 12.737068742996486 0
1764501111638 15.013007466586489 0
1764501111719 15.462244849056813 0
1764501111800 15.231244666364049 0
1764501111879 15.301535879756303 0
1764501111962 15.018383116464598 0
1764501112043 15.018383116464598 0
1764501112123 15.356550774728332 0
1764501112215 13.261447207836143 0
1764501112299 14.490048745772315 0
1764501112384 14.371338897797514 0
1764501112472 14.150298065861254 0
1764501112561 13.656667480667481 0
1764501112643 14.771068553357233 0
1764501112726 14.513313286989138 0
1764501112812 14.120001211929425 0
1764501112897 14.153115214339705 0
1764501112982 14.211668716603814 0
1764501113062 15.429878968472943 0
1764501113148 13.792515619861888 0
1764501113231 14.51165622945715 0
1764501113321 13.373798310699858 0
1764501113405 14.774658752663932 0
1764501113493 13.569100667406433 0
1764501113578 14.336315006921538 0
1764501113666 14.171334353703573 0
1764501113755 13.561598303144743 0
1764501113839 14.716184875777596 0
1764501113927 13.823562951317824 0
1764501114011 14.431517195107265 0
1764501114090 15.229474922569143 0
1764501114177 13.910394895248455 0
1764501114260 14.752365342543808 0
1764501114350 13.199638719910372 0
1764501114438 13.945127870945434 0
1764501114522 14.527438728716108 0
1764501114607 14.158896266764788 0
1764501114689 14.751016388830273 0
1764501114772 14.777261437102542 0
1764501114855 14.558753189052222 0
1764501114947 12.832033090417363 0
1764501115033 14.042096452903463 0
1764501115118 14.765452612457844 0
1764501115199 15.44931636020745 0
1764501115284 14.616489578577974 0
1764501115364 15.363131888458707 0
1764501115446 14.717011056256732 0
1764501115538 13.135317789643455 0
1764501115620 15.007528266781165 0
1764501115707 13.908595910625344 0
1764501115792 14.227963350554457 0
1764501115876 14.747800648378 0
1764501115963 14.072012346507414 0
1764501116046 14.774866933679958 0
1764501116129 14.361841497029568 0
1764501116209 15.184265115285617 0
1764501116293 14.558753189052222 0
1764501116377 14.551833245441172 0
1764501116457 15.182836023500197 0
1764501116546 13.4006747776301 0
1764501116628 14.861666129266572 0
1764501116711 14.571600293217436 0
1764501116798 14.138802367757506 0
1764501116879 15.164282279611411 0
1764501116962 14.725019484486136 0
1764501117044 14.737902899930779 0
1764501117125 15.12845631677283 0
1764501117210 14.489998687219739 0
1764501117297 13.932157899631957 0
1764501117381 14.558803723784598 0
1764501117465 14.550066431468048 0
1764501117553 14.071304201962594 0
1764501117638 14.253250416284365 0
1764501117720 14.620514643855577 0
1764501117802 14.902007041878214 0
1764501117885 14.742046936343858 0
1764501117971 13.940492967108936 0
1764501118050 15.706709506851059 0
1764501118129 15.914340460245489 0
1764501118212 14.486145217051934 0
1764501118300 14.196035957976822 0
1764501118386 14.271874128063263 0
1764501118468 15.143313090759422 0
1764501118554 14.344257753853414 0
1764501118635 14.842837982737693 0
1764501118719 14.715926713400558 0
1764501118809 13.447031704353458 0
1764501118894 14.14113815436796 0
1764501118979 14.483043912141188 0
1764501119069 13.375205683890965 0
1764501119154 14.38390655596594 0
1764501119242 13.757860830660027 0
1764501119324 14.875370172682231 0
1764501119418 13.122536965077934 0
1764501119506 13.736728511307252 0
1764501119592 14.015772449006871 0
1764501119675 14.767220133226301 0
1764501119757 14.783407409496082 0
1764501119838 15.044455763036508 0
1764501119917 15.471085110620939 0
1764501119999 14.98715071821625 0
1764501120086 14.550621669626999 0
1764501120170 14.349852372138534 0
1764501120252 14.61990309874865 0
1764501120338 14.093574011102001 0
1764501120425 14.129609728983139 0
1764501120508 14.55491357562003 0
1764501120592 14.338079301539334 0
1764501120680 13.981712418954281 0
1764501120767 14.109741205599082 0
1764501120854 13.934333316722313 0
1764501120935 14.896873090965919 0
1764501121022 13.913994260976297 0
1764501121103 15.000550767139945 0
1764501121188 14.124185493620331 0
1764501121275 13.66476511925667 0
1764501121360 14.326863826095273 0
1764501121446 14.167026389831825 0
1764501121530 13.932574416279403 0
1764501121620 13.5903364611955 0
1764501121705 14.228301208334182 0
1764501121789 14.168892852558256 0
1764501121873 14.697362796010905 0
1764501121958 14.149629754575356 0
1764501122041 14.351816430509599 0
1764501122126 14.385682584433447 0
1764501122211 14.170520426503778 0
1764501122305 11.44774241444156 0
1764501122393 13.824610901995426 0
1764501122484 12.90900641094693 0
1764501122574 13.244320101551374 0
1764501122663 13.509661252242589 0
1764501122745 15.613103037522334 0
1764501122838 13.680453764135281 0
1764501122918 15.449828531856976 0
1764501122999 15.207828889879949 0
1764501123075 16.63917738441886 0
1764501123164 13.65760133375013 0
1764501123258 12.995841879891678 0
1764501123346 13.927392870780826 0
1764501123437 13.394469513344 0
1764501123508 16.4777170155258 0
1764501123602 12.722657671867795 0
1764501123689 14.053011596077235 0
1764501123763 16.89371505904719 0
1764501123854 13.308870985654496 0
1764501123942 13.848346176958074 0
1764501124031 13.50505034243157 0
1764501124115 14.565882050605305 0
1764501124195 15.148125943529106 0
1764501124284 13.837746530916577 0
1764501124367 14.492952733731164 0
1764501124458 13.46248334964934 0
1764501124540 14.877322417939459 0
1764501124626 13.964070261416149 0
1764501124715 13.890217610883525 0
1764501124793 15.078691836742031 0
1764501124876 15.454325718496683 0
1764501124963 14.000894603670545 0
1764501125045 15.02989995126566 0
1764501125130 14.48094378251848 0
1764501125224 14.788411295355422 0
1764501125293 18.798506626508726 0
1764501125378 14.45778281806368 0
1764501125457 15.87723103595777 0
1764501125550 12.819874561392783 0
1764501125624 14.833022124144176 0
1764501125715 13.32629257893048 0
1764501125784 18.622066926249705 0
1764501125878 12.733317951644828 0
1764501125958 15.627879248545007 0
1764501126038 15.727440782640324 0
1764501126120 13.063762988064685 0
1764501126196 17.281205064501112 0
1764501126275 15.864079579409205 0
1764501126363 13.883780589935155 0
1764501126451 13.746453023246668 0
1764501126523 17.85190040434135 0
1764501126618 15.501847964282547 0
1764501126699 16.423647712054883 0
1764501126778 15.815208497513263 0
1764501126866 13.919951147632386 0
1764501126939 17.47641230343586 0
1764501127030 14.794618732848445 0
1764501127099 18.75882302954949 0
1764501127185 14.162147195969787 0
1764501127257 17.622829868405574 0
1764501127352 12.73007162801991 0
1764501127420 18.50099026496756 0
1764501127508 14.464863000706982 0
1764501127593 14.53423475557989 0
1764501127663 18.37463310348453 0
1764501127766 11.48183816544803 0
1764501127840 14.092911047046886 0
1764501127924 13.266774421083596 0
1764501127997 19.766830514305642 0
1764501128098 11.726578597889144 0
1764501128178 15.339870165493279 0
1764501128250 17.840813965358834 0
1764501128341 13.358592003261375 0
1764501128415 18.974715784425936 0
1764501128499 17.127717613237287 0
1764501128578 15.915125482845239 0
1764501128674 12.429592970706338 0
1764501128760 14.474397288921711 0
1764501128842 12.67015871289701 0
1764501128912 17.727030282538408 0
1764501128996 14.495507202300313 0
1764501129088 13.164176200116128 0
1764501129169 15.222621048085333 0
1764501129251 15.415361319582779 0
1764501129323 17.797662793954157 0
1764501129408 18.173287982841916 0
1764501129481 17.534642413702283 0
1764501129573 13.055589622274447 0
1764501129651 16.05782542113323 0
1764501129746 12.53186969473335 0
1764501129815 18.93676463948711 0
1764501129899 17.71138530661194 0
1764501129990 13.265180003099411 0
1764501130062 17.592376350580498 0
1764501130157 12.691206061321255 0
1764501130226 19.489264024608406 0
1764501130310 14.878166790819765 0
1764501130405 12.690322892966066 0
1764501130481 16.75898222733666 0
1764501130563 15.121202398162803 0
1764501130645 15.075927709804034 0
1764501130718 17.306447153968353 0
1764501130805 16.28558670844545 0
1764501130891 12.527078809744967 0
1764501130972 15.300642770113013 0
1764501131051 15.82517355870812 0
1764501131123 17.654726527313596 0
1764501131208 18.4929961861511 0
1764501131293 14.407969496066778 0
1764501131368 16.743594861518073 0
1764501131460 13.238551250690444 0
1764501131549 13.652533380205586 0
1764501131621 16.918519474652296 0
1764501131698 16.318471139331123 0
1764501131784 18.337598971699887 0
1764501131863 15.93598711231511 0
1764501131956 12.936319307152088 0
1764501132026 14.23375741924099 0
1764501132105 16.3991820552621 0
1764501132199 12.758494399931863 0
1764501132269 18.274640001742807 0
1764501132362 12.914849460842575 0
1764501132445 15.027692087207324 0
1764501132516 14.6687837053306 0
1764501132602 14.29020575178274 0
1764501132687 14.4565868521461 0
1764501132778 13.262076183429613 0
1764501132866 13.77638804950469 0
1764501132945 15.665995600094124 0
1764501133027 16.526671657669727 0
1764501133098 19.015146638135434 0
1764501133186 13.83409524186473 0
1764501133269 14.968377401315438 0
1764501133362 12.943784717936058 0
1764501133433 18.591525821908398 0
1764501133512 15.640350222991215 0
1764501133596 14.63132704959779 0
1764501133683 13.900252864192376 0
1764501133762 15.891247186839333 0
1764501133847 14.487346078786937 0
1764501133930 14.503627373007365 0
1764501134009 16.91572193117244 0
1764501134093 14.61241582095688 0
1764501134178 14.45384684305928 0
1764501134251 17.44740574965578 0
1764501134335 14.55329750210789 0
1764501134413 19.083754959414698 0
1764501134498 14.358203334942267 0
1764501134593 12.733008706633798 0
1764501134669 16.8103660418345 0
1764501134756 13.957703967707262 0
1764501134836 13.527918257818145 0
1764501134910 17.20450713931195 0
1764501134996 14.165830197983018 0
1764501135080 14.617049897890196 0
1764501135169 13.786214127708808 0
1764501135247 15.742907009477339 0
1764501135335 13.369833670158169 0
1764501135416 16.54283708419118 0
1764501135508 13.041422326142518 0
1764501135584 16.790850170338313 0
1764501135663 15.596034714837097 0
1764501135756 13.008820792754792 0
1764501135833 16.34664536118635 0
1764501135926 12.919384448578786 0
1764501135996 18.454265864722522 0
1764501136080 14.493253212714714 0
1764501136162 15.191854800444784 0
1764501136253 13.196440931801307 0
1764501136329 16.699064378707646 0
1764501136423 15.236777767686858 0
1764501136499 16.489507080460132 0
1764501136584 14.398275353065161 0
1764501136669 14.454594015253075 0
1764501136757 13.85054123490057 0
1764501136842 14.777521755980693 0
1764501136938 12.378457025312906 0
1764501137014 17.412204265141167 0
1764501137107 12.803008519458002 0
1764501137193 14.325983004071372 0
1764501137261 18.87795481141417 0
1764501137358 12.36954963828915 0
1764501137432 15.591106947836398 0
1764501137511 16.199477822923264 0
1764501137590 15.864019577065784 0
1764501137675 14.379271215087199 0
1764501137772 12.220631382661015 0
1764501137850 14.225840040429118 0
1764501137938 13.959283382201706 0
1764501138008 17.221955786223432 0
1764501138108 11.753820975995247 0
1764501138196 13.97924262926696 0
1764501138275 15.64262511514808 0
1764501138362 14.018395721925133 0
1764501138450 13.775075947912049 0
1764501138539 12.617635733538698 0
1764501138607 19.475870523172933 0
1764501138692 18.6353049899366 0
1764501138784 13.046208973050987 0
1764501138872 13.823016257509995 0
1764501138963 13.318337265461519 0
1764501139032 15.589542308750177 0
1764501139117 15.153598809188326 0
1764501139202 14.532673624104333 0
1764501139284 14.968377401315438 0
1764501139362 16.06231450596836 0
1764501139452 13.442980445951534 0
1764501139529 14.533126821273514 0
1764501139609 18.600430164748666 0
1764501139692 14.537055714409497 0
1764501139777 14.436583795988751 0
1764501139871 12.821167760493246 0
1764501139962 13.275046367509194 0
1764501140041 15.736586976423094 0
1764501140123 15.10649777236727 0
1764501140217 15.19328559060794 0
1764501140293 16.689031159353974 0
1764501140377 14.580566216141053 0
1764501140457 15.634695026260955 0
1764501140551 12.67092423976944 0
1764501140635 12.645519969368342 0
1764501140711 17.286333081928973 0
1764501140796 18.552710383722218 0
1764501140880 14.476245698685359 0
1764501140968 13.930121954459707 0
1764501141053 14.280766624787626 0
1764501141135 13.36604175230957 0
1764501141214 16.538336270903077 0
1764501141286 17.542636307362855 0
1764501141368 15.218423334675824 0
1764501141454 14.192961559285328 0
1764501141547 12.391549304096833 0
1764501141626 15.522501184272857 0
1764501141713 13.931047310313675 0
1764501141784 18.287388546140264 0
1764501141869 14.273816897286334 0
1764501141955 13.983064182746803 0
1764501142035 14.78121927410232 0
1764501142117 16.24735718740437 0
1764501142196 15.712475790530492 0
1764501142275 15.831505205069941 0
1764501142364 13.492798893374724 0
1764501142448 13.53167162426362 0
1764501142517 18.780493702229407 0
1764501142607 13.356252368381666 0
1764501142696 13.656534083509156 0
1764501142772 16.736980299360336 0
1764501142856 14.55819733014932 0
1764501142945 12.479556314602462 0
1764501143013 18.273764192291942 0
1764501143107 12.810359940747981 0
1764501143190 14.953861731370528 0
1764501143275 14.42308075858393 0
1764501143362 13.947260961805764 0
1764501143456 12.804063789777029 0
1764501143528 14.635717775141321 0
1764501143610 17.65836859277971 0
1764501143686 16.345116500200696 0
1764501143768 15.074193873003551 0
1764501143866 14.98982881240842 0
1764501143952 14.136991472580808 0
1764501144019 16.128774740339395 0
1764501144104 14.261537781495347 0
1764501144189 14.471600593451333 0
1764501144268 15.773337695695176 0
1764501144363 12.581943190374341 0
1764501144431 15.82571095456758 0
1764501144510 18.89300595037004 0
1764501144602 13.105848459377627 0
1764501144690 13.716154392023363 0
1764501144762 17.79041575826469 0
1764501144844 15.052284415160292 0
1764501144937 13.145815834012412 0
1764501145023 14.24095829202374 0
1764501145104 15.212848375817895 0
1764501145196 13.212112430266586 0
1764501145275 15.595048912255391 0
1764501145367 13.00563412599729 0
1764501145446 13.685229897808695 0
1764501145523 15.380257932506316 0
1764501145594 19.859770071402867 0
1764501145680 14.223186793809258 0
1764501145767 13.991506963556 0
1764501145857 13.435272561870168 0
1764501145934 16.271119111166286 0
1764501146015 18.7480064366172 0
1764501146104 13.400803223116467 0
1764501146184 15.67348891089479 0
1764501146261 16.166136057043747 0
1764501146353 13.084465740775403 0
1764501146436 12.84012539184953 0
1764501146511 16.999914884993412 0
1764501146590 15.592150215054962 0
1764501146681 13.161036866431747 0
1764501146771 13.417264599094704 0
1764501146843 14.419708945141007 0
1764501146929 14.131942479009151 0
1764501147023 14.99738619582435 0
1764501147108 14.416289157289082 0
1764501147177 18.751945921054396 0
1764501147268 13.166903678868872 0
1764501147351 14.838164644284856 0
1764501147418 19.51565233575284 0
1764501147510 13.089038958445157 0
1764501147595 14.48069380765619 0
1764501147686 13.29364334795507 0
1764501147771 14.438869897792328 0
1764501147843 17.83959985028412 0
1764501147928 14.651976161698025 0
1764501148022 15.087261648255595 0
1764501148107 14.491801013039602 0
1764501148183 16.552499269911678 0
1764501148262 15.726202438622014 0
1764501148362 14.546483640727201 0
1764501148431 15.520548249346882 0
1764501148516 18.014757801963697 0
1764501148595 15.7985287415203 0
1764501148681 18.386634928567357 0
1764501148762 15.306505705767076 0
1764501148844 14.868198752920074 0
1764501148929 14.58761499000087 0
1764501149016 14.940651370885297 0
1764501149086 18.695109938356072 0
1764501149183 12.28052854562117 0
1764501149268 14.324368444959001 0
1764501149361 12.975699396429311 0
1764501149431 17.166202140503817 0
1764501149510 15.878914073058912 0
1764501149594 15.14451601721598 0
1764501149680 14.26600046937658 0
1764501149761 15.182616187101141 0
1764501149845 14.8015103927727 0
1764501149928 14.918968908618156 0
1764501150007 18.764949579004824 0
1764501150092 14.459427594337997 0
1764501150184 12.993748334851329 0
1764501150261 16.288812253394227 0
1764501150353 12.279054516924194 0
1764501150435 13.690679653481828 0
1764501150503 18.920192706735715 0
1764501150589 14.485945092784146 0
1764501150668 15.777431707555616 0
1764501150775 10.914509207961757 0
1764501150858 12.650516359424765 0
1764501150935 16.6267110119201 0
1764501151014 17.558131454573616 0
1764501151098 14.651976161698025 0
1764501151183 14.37651115521325 0
1764501151262 15.69971327828476 0
1764501151353 12.296946508934724 0
1764501151435 13.930492082049103 0
1764501151519 11.885551062509387 0
1764501151605 14.237526095147576 0
1764501151680 16.646837965057667 0
1764501151768 13.927855352072921 0
1764501151851 14.876794733556553 0
1764501151934 14.962610454517888 0
1764501152013 16.377346702901946 0
1764501152092 15.767348841405651 0
1764501152183 13.225860769592185 0
1764501152263 15.649336984829377 0
1764501152356 12.808208385500961 0
1764501152431 17.23731439585414 0
1764501152517 14.144953342573764 0
1764501152589 17.85858929924807 0
1764501152689 14.587665725295976 0
1764501152768 15.749764371463225 0
1764501152850 14.920720297681301 0
1764501152945 12.593276266367221 0
1764501153019 16.758848302260724 0
1764501153092 17.37952066827991 0
1764501153183 13.23963775138179 0
1764501153264 15.37664927723255 0
1764501153351 13.570461634031759 0
1764501153419 19.075596467131774 0
1764501153505 18.378980947540008 0
1764501153588 14.63525815715188 0
1764501153677 13.676171471239407 0
1764501153767 13.521027962063918 0
1764501153837 15.569750694166036 0
1764501153931 12.814391161949455 0
1764501154013 17.213968816820366 0
1764501154098 14.432411042712573 0
1764501154183 14.356778071388474 0
1764501154271 13.80609017086843 0
1764501154361 13.479529889671264 0
1764501154431 15.74716260000826 0
1764501154517 14.255866438263045 0
1764501154616 11.921969910151132 0
1764501154701 14.450261491500665 0
1764501154768 19.290897049083817 0
1764501154849 15.426700896699352 0
1764501154952 11.559779073741305 0
1764501155035 14.352307529111446 0
1764501155104 18.680455531356753 0
1764501155195 13.324472174393707 0
1764501155266 17.806200727649404 0
1764501155367 11.739017509292015 0
1764501155437 18.55911361655243 0
1764501155523 17.604486006413378 0
1764501155602 18.471007376417482 0
1764501155701 11.95166111489461 0
1764501155784 14.882706937663222 0
1764501155871 13.931648857548089 0
1764501155958 14.103573386058178 0
1764501156025 17.166412913576607 0
1764501156110 14.413960665179783 0
1764501156204 12.714789799803562 0
1764501156286 15.074735654161605 0
1764501156377 13.319944488375269 0
1764501156467 13.428089373241173 0
1764501156552 12.466425718090166 0
1764501156619 19.35141918576754 0
1764501156712 12.805041047043057 0
1764501156789 16.38054472884626 0
1764501156877 13.794466169172228 0
1764501156971 12.77318130877552 0
1764501157043 14.21846164276755 0
1764501157134 16.912993511913644 0
1764501157213 19.163973974705755 0
1764501157306 12.813882227144276 0
1764501157389 14.930758907435292 0
1764501157473 14.554560028871045 0
1764501157561 13.868493621748877 0
1764501157631 18.38091398320683 0
1764501157731 14.593248763108269 0
1764501157806 18.243322357976417 0
1764501157902 12.512653450873346 0
1764501157983 15.331459380425843 0
1764501158068 14.31664317141521 0
1764501158159 13.128205128205128 0
1764501158231 16.022676135430316 0
1764501158330 12.030955809377385 0
1764501158401 18.30271029791022 0
1764501158495 12.773531409219787 0
1764501158573 15.845740018738477 0
1764501158656 14.992400683438065 0
1764501158734 16.339003914999708 0
1764501158813 18.746665713161942 0
1764501158892 15.788359469694118 0
1764501158983 13.294486072547006 0
1764501159073 13.383186396980227 0
1764501159160 13.955846290522757 0
1764501159231 18.035750682634216 0
1764501159316 14.457732982199733 0
1764501159394 15.87861350455048 0
1764501159473 15.739716825716098 0
1764501159572 12.059771185734043 0
1764501159652 13.582282785040494 0
1764501159736 14.45180496645729 0
1764501159800 15.82887635954683 0
1764501159895 12.517097103430164 0
1764501159971 16.48088960490383 0
1764501160061 13.308279789951296 0
1764501160153 13.258973815898868 0
1764501160225 15.557045784991542 0
1764501160326 11.767869367600023 0
1764501160394 19.185362729850883 0
1764501160479 14.491901155398308 0
1764501160572 12.97301042343262 0
1764501160656 13.83053708979635 0
1764501160728 17.948844792687467 0
1764501160813 17.095952946739 0
1764501160897 14.444687812101801 0
1764501160986 13.776297551714851 0
1764501161073 14.242070485329421 0
1764501161156 12.638927727689119 0
1764501161224 18.914902636349698 0
1764501161316 13.256710841964532 0
1764501161401 14.424568824692631 0
1764501161483 15.02074962218068 0
1764501161574 13.311067315351684 0
1764501161649 15.099645396453965 0
1764501161728 18.273047683359835 0
1764501161819 17.158547560995565 0
1764501161892 17.360314234508678 0
1764501161983 13.310011297140173 0
1764501162074 13.260944070315217 0
1764501162167 12.961344371618134 0
1764501162237 17.259871033583117 0
1764501162322 14.299657364948946 0
1764501162406 17.482458370672948 0
1764501162492 14.368680328598932 0
1764501162583 13.170624790004364 0
1764501162661 15.98225846400061 0
1764501162743 15.122947066310434 0
1764501162822 15.638833995779239 0
1764501162903 15.180088526002251 0
1764501162988 14.361005539919606 0
1764501163079 13.352468149317781 0
1764501163169 13.3489409780239 0
1764501163253 12.859296867574784 0
1764501163327 16.973360149892155 0
1764501163413 17.109831116912783 0
1764501163491 15.866299985247 0
1764501163583 15.058445078715422 0
1764501163677 12.842798878097174 0
1764501163761 11.826767612683106 0
1764501163837 16.43561811313657 0
1764501163931 12.728796739430614 0
1764501164007 16.564331215221966 0
1764501164101 12.683453737779377 0
1764501164176 13.329723064406435 0
1764501164261 14.540936321278012 0
1764501164353 12.999990701682066 0
1764501164425 18.356378532383925 0
1764501164510 14.434248743891528 0
1764501164588 15.93744039092156 0
1764501164676 13.76598859153358 0
1764501164769 12.41395803119543 0
1764501164857 12.35159139632954 0
1764501164934 16.46633165829146 0
1764501165020 16.98023164960265 0
1764501165104 14.396990375241993 0
1764501165203 11.9197676467412 0
1764501165277 17.160372803966975 0
1764501165377 11.758763765223048 0
1764501165456 13.535339714339191 0
1764501165527 17.549315693239777 0
1764501165618 16.098503108927613 0
1764501165698 15.657515734774785 0
1764501165791 12.819757010774051 0
1764501165877 14.344944577258378 0
1764501165961 14.380799561132825 0
1764501166045 14.69154544276352 0
1764501166129 14.602698901221329 0
1764501166206 18.428481671712092 0
1764501166298 13.3806673897786 0
1764501166382 14.512710676830133 0
1764501166469 13.953292791653913 0
1764501166559 13.574853710320543 0
1764501166646 12.528762687663917 0
1764501166727 15.805375096091524 0
1764501166821 14.949278074199217 0
1764501166898 16.360545624046775 0
1764501166988 13.270258298847084 0
1764501167079 13.423405086058464 0
1764501167166 13.021502238393571 0
1764501167251 14.479793969606375 0
1764501167333 15.03517991439817 0
1764501167428 14.265127115041238 0
1764501167503 16.73724745308204 0
1764501167597 12.779291370490325 0
1764501167679 15.052770600057421 0
1764501167766 16.060346379025805 0
1764501167849 15.01472725580463 0
1764501167950 14.423427946547088 0
1764501168018 19.349722969325946 0
1764501168102 14.604732788278062 0
1764501168204 11.63336208642013 0
1764501168288 14.58512939278238 0
1764501168380 13.034856546168763 0
1764501168463 13.966255656522941 0
1764501168534 18.30782325544852 0
1764501168619 17.92881996392268 0
1764501168713 12.710243216543331 0
1764501168788 16.779565139119477 0
1764501168881 12.922329917616105 0
1764501168970 12.278335606934386 0
1764501169043 16.316884066709978 0
1764501169136 12.890993862315478 0
1764501169212 18.253167090976348 0
1764501169304 13.16806113254699 0
1764501169382 15.998230176257662 0
1764501169455 17.540435426267763 0
1764501169552 14.264011317880074 0
1764501169624 14.221016691700262 0
1764501169705 15.292107671385706 0
1764501169782 16.479724021955658 0
1764501169867 14.68974454165295 0
1764501169959 13.116750634055421 0
1764501170030 14.131894864166417 0
1764501170116 14.30985377303774 0
1764501170194 15.875308001801645 0
1764501170283 13.613715294682791 0
1764501170366 14.48154375740166 0
1764501170451 14.661810046492118 0
1764501170536 14.478394443792416 0
1764501170618 15.525029241497757 0
1764501170704 14.179862268545909 0
1764501170789 14.355058302502199 0
1764501170872 14.730449502523381 0
1764501170961 13.874686982093888 0
1764501171042 14.216823038125712 0
1764501171127 14.441355612404756 0
1764501171212 17.437178325254223 0
1764501171304 13.154308868635802 0
1764501171385 15.343966753490006 0
1764501171466 14.612975827973772 0
1764501171560 13.331036433618221 0
1764501171636 14.239266157204499 0
1764501171721 14.434050050931916 0
1764501171810 13.839983897418637 0
1764501171885 16.59664450775562 0
1764501171966 15.303322411868153 0
1764501172057 13.991180257653895 0
1764501172133 16.606895677927177 0
1764501172227 15.151299724016356 0
1764501172303 16.325648560808048 0
1764501172386 14.860191815086571 0
1764501172473 13.346010169469952 0
1764501172564 13.321932906029057 0
1764501172636 15.659620223863323 0
1764501172716 15.624444485835086 0
1764501172806 13.47212621895597 0
1764501172887 15.372366197905786 0
1764501172966 14.122711202397387 0
1764501173055 14.621126240126053 0
1764501173154 11.958339867082165 0
1764501173239 13.621806301171443 0
1764501173325 14.266048992197438 0
1764501173406 15.800254654220254 0
1764501173491 14.524772395928926 0
1764501173566 16.82007354739877 0
1764501173660 15.997436934084963 0
1764501173749 13.661916503532492 0
1764501173818 19.093571750481402 0
1764501173899 15.211193234157061 0
1764501173988 13.763323434346749 0
1764501174066 15.907882061123711 0
1764501174159 14.054330088629015 0
1764501174236 17.289325831117708 0
1764501174321 14.50743997177584 0
1764501174406 14.482993901975815 0
1764501174497 13.306759813579271 0
1764501174582 14.48449435718923 0
1764501174660 16.049346057595912 0
1764501174749 13.627914079532642 0
1764501174826 16.378114115239836 0
1764501174918 12.955659272941809 0
1764501174994 16.792127409139315 0
1764501175094 11.783507095157425 0
1764501175175 15.235781512788193 0
1764501175260 14.624184989156433 0
1764501175362 13.892748073903798 0
1764501175445 12.531345513213129 0
1764501175530 14.467357673800942 0
1764501175605 17.287758071363506 0
1764501175696 16.931905892231427 0
1764501175790 12.707201134294534 0
1764501175875 13.027245282081227 0
1764501175972 12.308169050455728 0
1764501176057 12.651088717096433 0
1764501176127 18.44193234930727 0
1764501176218 16.22730508527036 0
1764501176297 15.787349204855557 0
1764501176391 12.685793787617579 0
1764501176466 14.538970560198553 0
1764501176561 14.379517700540992 0
1764501176645 14.935065305017876 0
1764501176733 13.723918591715202 0
1764501176812 16.452573813511787 0
1764501176893 15.411000025719881 0
1764501176982 13.240766229338451 0
1764501177054 17.8325460768266 0
1764501177156 14.003278546221827 0
1764501177230 14.273914049631777 0
1764501177323 12.803243008940864 0
1764501177409 14.25543036791571 0
1764501177492 14.885136525917567 0
1764501177611 8.996192874347695 0
1764501177705 13.29398042497084 0
1764501177810 12.839693020721407 0
1764501177901 13.200137216087013 0
1764501177988 14.139374325782093 0
1764501178075 13.98348374879562 0
1764501178166 13.462267300038516 0
1764501178236 17.006669991525666 0
1764501178328 13.216900272259757 0
1764501178406 18.545081532312263 0
1764501178496 13.426756812128662 0
1764501178582 14.181252620332428 0
1764501178670 13.73169158642907 0
1764501178759 13.451387374443575 0
1764501178836 17.187445960177516 0
1764501178921 14.352700432192341 0
1764501179006 14.441653955672775 0
1764501179094 13.7913364855356 0
1764501179181 16.0102604818762 0
1764501179266 14.535342858826098 0
1764501179369 11.379105093096253 0
1764501179448 13.1686399357 0
1764501179529 15.609674766188188 0
1764501179627 14.465212203146663 0
1764501179711 14.688818535847364 0
1764501179800 13.702218853722918 0
1764501179878 15.99091092785549 0
1764501179966 13.969186089111219 0
1764501180048 15.036743063845957 0
1764501180145 12.230252664421409 0
1764501180218 18.191811242192923 0
1764501180310 13.126191958990665 0
1764501180394 14.29614809108788 0
1764501180472 14.54073468029343 0
1764501180572 14.486545482176346 0
1764501180641 15.715419403426868 0
1764501180735 12.776877781602508 0
1764501180812 16.78916988896094 0
1764501180904 13.117981340914564 0
1764501180995 13.235794011189968 0
1764501181072 14.666321656607758 0
1764501181166 14.006224537500835 0
1764501181243 13.981432776316623 0
1764501181337 12.658113854409045 0
1764501181420 15.336785139681147 0
1764501181497 16.415934121846405 0
1764501181581 14.727552994631187 0
1764501181661 15.685798163765217 0
1764501181753 13.232829171951211 0
1764501181836 14.913452068140362 0
1764501181921 14.39792937493349 0
1764501182005 14.438720782126751 0
1764501182096 13.353998586374432 0
1764501182171 15.337682473744259 0
1764501182259 17.83982748427325 0
1764501182356 15.16757253255512 0
1764501182439 14.252862939125588 0
1764501182524 11.70563331147175 0
1764501182606 15.721604581949578 0
1764501182697 13.256417550047725 0
1764501182775 14.525778444254353 0
1764501182855 17.178083762686043 0
1764501182949 12.567428927561245 0
1764501183033 13.648046492406912 0
1764501183101 18.9854518789437 0
1764501183204 14.072106771165343 0
1764501183278 17.046066561812914 0
1764501183365 14.552439109013948 0
1764501183448 14.986508117996799 0
1764501183527 15.745448266023981 0
1764501183620 14.938416443176516 0
1764501183697 16.2639895458899 0
1764501183781 14.55450952359471 0
1764501183866 14.474597094247162 0
1764501183959 12.925436055469953 0
1764501184050 13.124959711109094 0
1764501184136 14.292981475675749 0
1764501184218 15.086501904559793 0
1764501184302 14.53206940517767 0
1764501184380 16.109323449772436 0
1764501184474 13.02202779942439 0
1764501184559 14.51025053795432 0
1764501184651 13.143838449678478 0
1764501184733 14.974416097223115 0
1764501184826 15.193780926920095 0
1764501184902 16.437357202481493 0
1764501184998 12.427456941123486 0
1764501185082 13.764000918846191 0
1764501185165 14.777417627328843 0
1764501185251 14.127753600732946 0
1764501185326 16.69009371082947 0
1764501185426 14.419114082884988 0
1764501185499 17.40432877439915 0
1764501185587 17.30766120047207 0
1764501185665 16.00079349638158 0
1764501185759 12.795314215985357 0
1764501185835 16.583127080648094 0
1764501185935 14.479294107899861 0
1764501186021 14.763581581003738 0
1764501186100 15.779627922725306 0
1764501186182 14.156411268955694 0
1764501186272 14.006551946382237 0
1764501186365 12.903565605291494 0
1764501186436 16.9412068826238 0
1764501186521 14.501270584330497 0
1764501186606 16.786011870219994 0
1764501186684 16.218394982483545 0
1764501186783 12.132575078245678 0
1764501186860 13.669574852933987 0
1764501186955 12.613727335881558 0
1764501187022 17.372466181233793 0
1764501187125 11.507259418588061 0
1764501187215 13.680899990540835 0
1764501187283 18.941382611680126 0
1764501187372 14.306241899174568 0
1764501187459 13.842039259171253 0
1764501187555 12.537113922839866 0
1764501187629 17.099995515347704 0
1764501187721 13.29849047391066 0
1764501187802 15.213179447374339 0
1764501187884 13.402987173178074 0
1764501187965 15.834194700421685 0
1764501188050 14.523414451723708 0
1764501188126 16.456253236868125 0
1764501188205 19.083147171631232 0
1764501188305 11.868902559807124 0
1764501188380 16.731839251948713 0
1764501188465 16.079926085239666 0
1764501188559 12.86241221748597 0
1764501188641 14.998351516711901 0
1764501188727 14.227577247024264 0
1764501188811 17.612913520731677 0
1764501188904 13.027730841864626 0
1764501188980 14.506787674620496 0
1764501189075 13.955614115642863 0
1764501189164 13.700920841594993 0
1764501189241 14.209694686487879 0
1764501189320 15.761186850846999 0
1764501189405 14.490349104351282 0
1764501189498 13.207660769729756 0
1764501189574 16.671386041409136 0
1764501189652 16.032720586829964 0
1764501189754 11.68665104472871 0
1764501189824 16.902429195480117 0
1764501189908 14.574486420370834 0
1764501189993 14.518286730956946 0
1764501190087 12.759309453190356 0
1764501190165 16.519902006349106 0
1764501190254 13.590116288488767 0
1764501190349 12.55508992073565 0
1764501190424 16.927600805556565 0
1764501190517 12.984536704816685 0
1764501190605 13.794375433715167 0
1764501190693 14.38499185458287 0
1764501190772 16.04529387461554 0
1764501190853 15.167188596142303 0
1764501190932 15.911502947625587 0
1764501191017 19.180975899757627 0
1764501191106 13.671267971981473 0
1764501191180 14.48009390319685 0
1764501191281 13.25285718348221 0
1764501191365 16.756438016859093 0
1764501191449 14.719386841948264 0
1764501191536 13.917734035916698 0
1764501191633 13.79129113824159 0
1764501191716 15.156993972333444 0
1764501191806 13.470482063140315 0
1764501191879 15.48256399844964 0
1764501191975 14.703030133067852 0
1764501192059 14.469154371306649 0
1764501192149 13.529314616019818 0
1764501192229 15.424601817426257 0
1764501192323 12.729646636782189 0
1764501192408 15.018168016556741 0
1764501192483 16.67867836820067 0
1764501192571 15.602590571421132 0
1764501192662 14.067670181652312 0
1764501192751 13.56436136668661 0
1764501192838 14.494154724427135 0
1764501192923 14.361497267609877 0
1764501192992 14.395162148341107 0
1764501193086 12.877774400447036 0
1764501193165 15.716656049762056 0
1764501193257 13.166407689579076 0
1764501193332 16.822772066756777 0
1764501193417 17.318166240694328 0
1764501193508 13.240055683751645 0
1764501193596 13.784764239773097 0
1764501193680 14.719851759305403 0
1764501193765 14.323341187719837 0
1764501193835 18.114657383973533 0
1764501193914 15.78455679243721 0
1764501194009 15.650913650085265 0
1764501194083 16.05112720954885 0
1764501194165 17.914041044696436 0
1764501194259 15.895944819222315 0
1764501194354 12.561783080857996 0
1764501194431 15.126874042016048 0
1764501194514 14.763477648715241 0
1764501194610 12.516238000173079 0
1764501194689 17.043780730627006 0
1764501194785 13.248001415039214 0
1764501194865 15.643558595687704 0
1764501194961 12.35159139632954 0
1764501195035 15.580797705769381 0
1764501195126 13.344863681630029 0
1764501195214 16.14721621226237 0
1764501195290 16.700726671842958 0
1764501195386 13.242145741446427 0
1764501195465 15.874586984084932 0
1764501195554 13.602986342865112 0
1764501195639 14.648496490063913 0
1764501195723 14.676945149155804 0
1764501195792 14.356728929416153 0
1764501195887 13.1467635415328 0
1764501195964 16.288495967005954 0
1764501196062 12.265947646857555 0
1764501196158 12.318652271472375 0
1764501196244 12.4946497938562 0
1764501196348 11.355844830947172 0
1764501196438 12.524422944847561 0
1764501196526 13.87220897427841 0
1764501196632 13.21465163611617 0
1764501196729 12.224014921893215 0
1764501196820 13.907304618853411 0
1764501196914 12.824656780308821 0
1764501197014 11.45897035199493 0
1764501197105 12.389682511549868 0
1764501197202 12.34682829614933 0
1764501197287 14.409256434568716 0
1764501197396 13.00813492248098 0
1764501197487 13.267278001132413 0
1764501197581 12.756825806216145 0
1764501197662 15.323449681789286 0
1764501197770 12.966793934428763 0
1764501197862 11.670002698875098 0
1764501197964 11.52480786509753 0
1764501198047 14.920826455688998 0
1764501198155 10.855470175502164 0
1764501198245 12.466648040375459 0
1764501198326 15.089975643364166 0
1764501198425 14.41123678893913 0
1764501198523 15.087804369174764 0
1764501198626 12.754110424224363 0
1764501198715 13.646758723011049 0
1764501198808 12.352428045106361 0
1764501198889 15.307231905637792 0
1764501198996 13.287284223998379 0
1764501199086 14.258289537200085 0
1764501199186 11.807789648522725 0
1764501199281 12.655898567036097 0
1764501199381 11.735732912511612 0
1764501199467 14.402378932982629 0
1764501199569 11.572983980001213 0
1764501199656 14.286457801121307 0
1764501199761 11.210909664365309 0
1764501199851 12.407311322847736 0
1764501199952 11.698124363747926 0
1764501200044 11.626235579135274 0
1764501200132 13.870419852377047 0
1764501200233 14.180581381982433 0
1764501200330 12.325638938437985 0
1764501200426 13.605236695795462 0
1764501200529 11.517307660623768 0
1764501200621 14.30507087215727 0
1764501200724 11.444774913911187 0
1764501200817 14.087798848605765 0
1764501200923 12.9724888114981 0
1764501201017 13.618533370131662 0
1764501201111 12.236568174392009 0
1764501201201 13.484686955459392 0
1764501201291 13.503702463587075 0
1764501201389 13.97002358144926 0
1764501201474 14.447922013055235 0
1764501201570 12.446079798693168 0
1764501201668 12.579641293263752 0
1764501201758 13.553315862434443 0
1764501201863 11.244722548404566 0
1764501201962 12.150640802799602 0
1764501202056 13.071131845563647 0
1764501202147 13.251307974219639 0
1764501202223 15.444878961283813 0
1764501202318 15.538602886695712 0
1764501202420 13.559011692749332 0
1764501202504 14.586600358204803 0
1764501202604 14.739974626870916 0
1764501202711 13.340619145613404 0
1764501202802 13.244905628203226 0
1764501202899 12.583188830154263 0
1764501202995 13.20732805582321 0
1764501203101 12.288588028138065 0
1764501203196 13.058312940927403 0
1764501203291 13.959190465572156 0
1764501203402 12.125174536088137 0
1764501203508 11.340186339769968 0
1764501203600 13.118596780953453 0
1764501203705 11.834008599772027 0
1764501203802 12.210314260345555 0
1764501203898 12.961865087704117 0
1764501204001 12.385401994395377 0
1764501204098 12.878842032216266 0
1764501204201 11.447055066878816 0
1764501204298 12.997009726909049 0
1764501204401 12.488362606704639 0
1764501204505 12.057517722748937 0
1764501204601 12.556593380274943 0
1764501204708 11.678255906224333 0
1764501204794 14.118147607090203 0
1764501204899 13.734749278765076 0
1764501205000 12.759969334485318 0
1764501205114 10.916725011647307 0
1764501205222 10.817143181360994 0
1764501205317 13.011282452172887 0
1764501205413 12.529960387402836 0
1764501205523 10.604798867285277 0
1764501205623 12.493868201329127 0
1764501205723 12.776332903831099 0
1764501205829 12.306868929902292 0
1764501205932 11.447429973498691 0
1764501206027 13.67862454016541 0
1764501206135 12.966312906327188 0
1764501206227 13.583338460990404 0
1764501206336 12.965952158671472 0
1764501206425 14.838217137358535 0
1764501206529 13.831586098185932 0
1764501206635 12.189767614884737 0
1764501206730 12.572929094299127 0
1764501206832 13.122619077415964 0
1764501206928 12.620445204036805 0
1764501207025 12.672034418062232 0
1764501207129 13.845329108074207 0
1764501207225 14.31463987331404 0
1764501207329 11.378364227756965 0
1764501207426 13.55541838090098 0
1764501207531 11.092960950000661 0
1764501207626 12.989563267657278 0
1764501207726 11.825400495085795 0
1764501207832 13.463866231385804 0
1764501207935 11.461318803234295 0
1764501208026 14.330779901461675 0
1764501208126 11.912624364862292 0
1764501208226 12.70851020636955 0
1764501208322 11.691146424201206 0
1764501208406 14.658889234500764 0
1764501208526 11.31693207634733 0
1764501208627 12.453285748642381 0
1764501208740 11.172059622617386 0
1764501208848 11.024702585912324 0
1764501208953 11.152661261802644 0
1764501209053 11.136936688156512 0
1764501209153 11.967313398767404 0
1764501209243 11.865209224432526 0
1764501209349 12.418883388208542 0
1764501209438 13.523687307549695 0
1764501209547 10.648684878643241 0
1764501209638 12.49554316220983 0
1764501209735 12.24753767582294 0
1764501209844 12.778356969853915 0
1764501209949 11.163525544628243 0
1764501210046 11.246833202835905 0
