1764501054973 0.0 0
1764501055183 0.0 0
1764501055271 0.0 0
1764501055361 0.0 0
1764501055450 0.0 0
1764501055531 0.0 0
1764501055621 0.0 0
1764501055701 0.0 0
1764501055792 0.0 0
1764501055878 0.0 0
1764501055962 0.0 0
1764501056039 0.0 0
1764501056118 0.0 0
1764501056205 0.0 0
1764501056294 0.0 0
1764501056379 0.0 0
1764501056463 0.0 0
1764501056557 3.0 0
1764501056640 3.0 0
1764501056723 3.0 0
1764501056803 3.0 0
1764501056895 3.0 0
1764501056979 3.0 0
1764501057068 3.0 0
1764501057149 3.0 0
1764501057236 3.0 0
1764501057318 3.0 0
1764501057407 3.0 0
1764501057494 3.0 0
1764501057580 3.0 0
1764501057665 3.0 0
1764501057743 3.0 0
1764501057834 4.0 0
1764501057919 3.0 0
1764501058003 4.0 0
1764501058094 3.0 0
1764501058183 4.0 0
1764501058270 4.0 0
1764501058360 3.0 0
1764501058440 3.0 0
1764501058532 3.0 0
1764501058612 3.0 0
1764501058690 3.0 0
1764501058773 3.0 0
1764501058853 3.0 0
1764501058938 3.0 0
1764501059025 3.0 0
1764501059106 3.0 0
1764501059187 3.0 0
1764501059271 3.0 0
1764501059355 3.0 0
1764501059435 3.0 0
1764501059520 3.0 0
1764501059605 3.0 0
1764501059690 3.0 0
1764501059773 3.0 0
1764501059861 3.0 0
1764501059943 3.0 0
1764501060028 4.0 0
1764501060110 4.0 0
1764501060190 3.0 0
1764501060271 3.0 0
1764501060356 3.0 0
1764501060435 3.0 0
1764501060522 3.0 0
1764501060612 4.0 0
1764501060701 5.0 0
1764501060789 5.0 0
1764501060874 5.0 0
1764501060959 5.0 0
1764501061041 5.0 0
1764501061125 5.0 0
1764501061205 5.0 0
1764501061293 5.0 0
1764501061379 5.0 0
1764501061463 5.0 0
1764501061560 5.0 0
1764501061652 5.0 0
1764501061740 5.0 0
1764501061829 5.0 0
1764501061920 5.0 0
1764501062010 5.0 0
1764501062100 5.0 0
1764501062193 5.0 0
1764501062277 5.0 0
1764501062362 5.0 0
1764501062458 5.0 0
1764501062540 5.0 0
1764501062623 5.0 0
1764501062707 5.0 0
1764501062793 5.0 0
1764501062877 5.0 0
1764501062962 5.0 0
1764501063054 5.0 0
1764501063144 4.0 0
1764501063229 4.0 0
1764501063318 4.0 0
1764501063403 4.0 0
1764501063488 5.0 0
1764501063574 5.0 0
1764501063663 5.0 0
1764501063748 5.0 0
1764501063835 5.0 0
1764501063924 5.0 0
1764501064005 5.0 0
1764501064095 5.0 0
1764501064184 5.0 0
1764501064271 5.0 0
1764501064357 5.0 0
1764501064441 5.0 0
1764501064524 5.0 0
1764501064605 5.0 0
1764501064694 5.0 0
1764501064780 5.0 0
1764501064865 5.0 0
1764501064956 5.0 0
1764501065041 5.0 0
1764501065124 5.0 0
1764501065207 5.0 0
1764501065297 5.0 0
1764501065384 5.0 0
1764501065476 5.0 0
1764501065556 4.0 0
1764501065647 5.0 0
1764501065733 5.0 0
1764501065820 5.0 0
1764501065910 4.0 0
1764501065993 4.0 0
1764501066080 4.0 0
1764501066163 4.0 0
1764501066251 5.0 0
1764501066339 5.0 0
1764501066429 5.0 0
1764501066513 5.0 0
1764501066599 5.0 0
1764501066681 5.0 0
1764501066770 5.0 0
1764501066856 5.0 0
1764501066943 5.0 0
1764501067029 5.0 0
1764501067115 5.0 0
1764501067204 5.0 0
1764501067293 5.0 0
1764501067386 5.0 0
1764501067471 5.0 0
1764501067556 5.0 0
1764501067644 5.0 0
1764501067733 5.0 0
1764501067813 5.0 0
1764501067898 5.0 0
1764501067986 5.0 0
1764501068072 5.0 0
1764501068161 5.0 0
1764501068247 5.0 0
1764501068335 5.0 0
1764501068422 5.0 0
1764501068510 5.0 0
1764501068594 6.0 0
1764501068677 6.0 0
1764501068766 6.0 0
1764501068853 6.0 0
1764501068938 5.0 0
1764501069035 6.0 0
1764501069125 6.0 0
1764501069210 6.0 0
1764501069297 6.0 0
1764501069393 6.0 0
1764501069473 6.0 0
1764501069557 5.0 0
1764501069640 5.0 0
1764501069726 5.0 0
1764501069811 5.0 0
1764501069895 5.0 0
1764501069980 5.0 0
1764501070063 5.0 0
1764501070150 5.0 0
1764501070241 6.0 0
1764501070327 6.0 0
1764501070409 5.0 0
1764501070494 5.0 0
1764501070580 5.0 0
1764501070671 5.0 0
1764501070766 5.0 0
1764501070850 5.0 0
1764501070937 4.0 0
1764501071023 4.0 0
1764501071114 4.0 0
1764501071199 4.0 0
1764501071285 4.0 0
1764501071370 4.0 0
1764501071454 4.0 0
1764501071537 4.0 0
1764501071628 4.0 0
1764501071713 4.0 0
1764501071798 4.0 0
1764501071888 4.0 0
1764501071974 4.0 0
1764501072060 4.0 0
1764501072145 4.0 0
1764501072229 4.0 0
1764501072313 4.0 0
1764501072408 4.0 0
1764501072489 4.0 0
1764501072574 4.0 0
1764501072665 4.0 0
1764501072749 4.0 0
1764501072831 4.0 0
1764501072919 4.0 0
1764501073006 4.0 0
1764501073092 4.0 0
1764501073181 4.0 0
1764501073263 4.0 0
1764501073349 4.0 0
1764501073445 3.0 0
1764501073531 5.0 0
1764501073623 5.0 0
1764501073705 4.0 0
1764501073789 4.0 0
1764501073872 4.0 0
1764501073953 4.0 0
1764501074038 4.0 0
1764501074123 4.0 0
1764501074210 4.0 0
1764501074308 4.0 0
1764501074399 4.0 0
1764501074484 4.0 0
1764501074570 4.0 0
1764501074654 4.0 0
1764501074738 4.0 0
1764501074820 4.0 0
1764501074907 4.0 0
1764501074998 4.0 0
1764501075089 4.0 0
1764501075175 3.0 0
1764501075264 3.0 0
1764501075350 4.0 0
1764501075439 4.0 0
1764501075525 3.0 0
1764501075608 3.0 0
1764501075692 3.0 0
1764501075779 3.0 0
1764501075868 1.0 0
1764501075950 1.0 0
1764501076040 1.0 0
1764501076125 1.0 0
1764501076211 1.0 0
1764501076299 1.0 0
1764501076385 1.0 0
1764501076465 1.0 0
1764501076555 1.0 0
1764501076645 1.0 0
1764501076730 1.0 0
1764501076814 1.0 0
1764501076895 1.0 0
1764501076981 1.0 0
1764501077065 1.0 0
1764501077154 1.0 0
1764501077238 1.0 0
1764501077327 1.0 0
1764501077414 1.0 0
1764501077505 1.0 0
1764501077586 2.0 0
1764501077671 2.0 0
1764501077755 1.0 0
1764501077841 2.0 0
1764501077930 1.0 0
1764501078016 1.0 0
1764501078100 2.0 0
1764501078184 3.0 0
1764501078266 1.0 0
1764501078355 2.0 0
1764501078440 2.0 0
1764501078531 1.0 0
1764501078620 1.0 0
1764501078701 2.0 0
1764501078790 1.0 0
1764501078873 1.0 0
1764501078958 2.0 0
1764501079040 2.0 0
1764501079123 2.0 0
1764501079212 2.0 0
1764501079295 2.0 0
1764501079378 2.0 0
1764501079458 2.0 0
1764501079549 2.0 0
1764501079633 2.0 0
1764501079719 2.0 0
1764501079807 2.0 0
1764501079888 2.0 0
1764501079970 2.0 0
1764501080057 2.0 0
1764501080141 2.0 0
1764501080231 2.0 0
1764501080319 1.0 0
1764501080410 1.0 0
1764501080495 1.0 0
1764501080579 1.0 0
1764501080662 1.0 0
1764501080743 1.0 0
1764501080836 1.0 0
1764501080924 1.0 0
1764501081004 1.0 0
1764501081088 1.0 0
1764501081173 2.0 0
1764501081263 1.0 0
1764501081348 2.0 0
1764501081434 2.0 0
1764501081517 3.0 0
1764501081604 3.0 0
1764501081682 3.0 0
1764501081768 3.0 0
1764501081850 3.0 0
1764501081938 3.0 0
1764501082024 3.0 0
1764501082109 2.0 0
1764501082188 2.0 0
1764501082271 2.0 0
1764501082347 2.0 0
1764501082432 3.0 0
1764501082519 2.0 0
1764501082607 3.0 0
1764501082688 3.0 0
1764501082775 3.0 0
1764501082859 3.0 0
1764501082944 3.0 0
1764501083031 3.0 0
1764501083115 3.0 0
1764501083201 3.0 0
1764501083284 3.0 0
1764501083366 3.0 0
1764501083451 3.0 0
1764501083533 3.0 0
1764501083619 3.0 0
1764501083708 2.0 0
1764501083798 2.0 0
1764501083882 2.0 0
1764501083962 2.0 0
1764501084046 2.0 0
1764501084125 2.0 0
1764501084207 2.0 0
1764501084292 1.0 0
1764501084377 1.0 0
1764501084468 1.0 0
1764501084555 1.0 0
1764501084638 1.0 0
1764501084724 1.0 0
1764501084808 1.0 0
1764501084895 1.0 0
1764501084976 1.0 0
1764501085062 1.0 0
1764501085143 1.0 0
1764501085225 1.0 0
1764501085309 1.0 0
1764501085397 2.0 0
1764501085477 2.0 0
1764501085561 2.0 0
1764501085651 2.0 0
1764501085731 2.0 0
1764501085816 2.0 0
1764501085898 2.0 0
1764501085987 2.0 0
1764501086066 3.0 0
1764501086147 3.0 0
1764501086232 3.0 0
1764501086313 1.0 0
1764501086390 1.0 0
1764501086476 2.0 0
1764501086560 2.0 0
1764501086643 2.0 0
1764501086736 2.0 0
1764501086830 2.0 0
1764501086920 2.0 0
1764501087008 2.0 0
1764501087090 2.0 0
1764501087178 2.0 0
1764501087266 2.0 0
1764501087348 2.0 0
1764501087430 2.0 0
1764501087513 2.0 0
1764501087594 2.0 0
1764501087681 2.0 0
1764501087763 2.0 0
1764501087848 2.0 0
1764501087932 1.0 0
1764501088017 1.0 0
1764501088107 2.0 0
1764501088191 2.0 0
1764501088282 2.0 0
1764501088368 1.0 0
1764501088448 2.0 0
1764501088531 2.0 0
1764501088618 2.0 0
1764501088704 1.0 0
1764501088793 1.0 0
1764501088880 2.0 0
1764501088968 2.0 0
1764501089050 2.0 0
1764501089135 2.0 0
1764501089216 2.0 0
1764501089289 2.0 0
1764501089387 2.0 0
1764501089481 2.0 0
1764501089564 2.0 0
1764501089650 2.0 0
1764501089735 2.0 0
1764501089820 2.0 0
1764501089898 2.0 0
1764501089974 2.0 0
1764501090053 2.0 0
1764501090126 1.0 0
1764501090221 1.0 0
1764501090309 2.0 0
1764501090402 2.0 0
1764501090491 2.0 0
1764501090589 1.0 0
1764501090674 1.0 0
1764501090772 1.0 0
1764501090857 1.0 0
1764501090943 1.0 0
1764501091026 1.0 0
1764501091111 1.0 0
1764501091197 1.0 0
1764501091282 1.0 0
1764501091369 1.0 0
1764501091461 1.0 0
1764501091548 1.0 0
1764501091631 1.0 0
1764501091714 1.0 0
1764501091800 1.0 0
1764501091882 1.0 0
1764501091964 1.0 0
1764501092047 1.0 0
1764501092134 1.0 0
1764501092222 0.0 0
1764501092304 1.0 0
1764501092394 1.0 0
1764501092480 0.0 0
1764501092565 2.0 0
1764501092649 2.0 0
1764501092729 2.0 0
1764501092814 2.0 0
1764501092898 2.0 0
1764501092980 3.0 0
1764501093061 1.0 0
1764501093140 1.0 0
1764501093219 1.0 0
1764501093299 1.0 0
1764501093385 1.0 0
1764501093470 1.0 0
1764501093552 1.0 0
1764501093634 1.0 0
1764501093717 1.0 0
1764501093801 2.0 0
1764501093889 2.0 0
1764501093970 1.0 0
1764501094051 1.0 0
1764501094134 1.0 0
1764501094215 2.0 0
1764501094297 0.0 0
1764501094381 1.0 0
1764501094463 1.0 0
1764501094544 0.0 0
1764501094625 0.0 0
1764501094706 0.0 0
1764501094786 0.0 0
1764501094867 0.0 0
1764501094951 0.0 0
1764501095031 0.0 0
1764501095118 0.0 0
1764501095198 0.0 0
1764501095281 0.0 0
1764501095363 0.0 0
1764501095446 0.0 0
1764501095527 0.0 0
1764501095609 0.0 0
1764501095696 0.0 0
1764501095782 0.0 0
1764501095869 1.0 0
1764501095954 1.0 0
1764501096032 3.0 0
1764501096114 3.0 0
1764501096198 2.0 0
1764501096278 3.0 0
1764501096363 2.0 0
1764501096447 3.0 0
1764501096528 3.0 0
1764501096615 2.0 0
1764501096710 1.0 0
1764501096795 3.0 0
1764501096879 2.0 0
1764501096962 1.0 0
1764501097043 2.0 0
1764501097123 1.0 0
1764501097206 1.0 0
1764501097288 0.0 0
1764501097372 0.0 0
1764501097463 0.0 0
1764501097546 0.0 0
1764501097631 0.0 0
1764501097715 0.0 0
1764501097805 0.0 0
1764501097888 0.0 0
1764501097979 1.0 0
1764501098061 0.0 0
1764501098149 0.0 0
1764501098234 0.0 0
1764501098318 0.0 0
1764501098401 0.0 0
1764501098486 1.0 0
1764501098566 1.0 0
1764501098651 2.0 0
1764501098736 0.0 0
1764501098822 2.0 0
1764501098905 2.0 0
1764501098988 1.0 0
1764501099076 1.0 0
1764501099167 1.0 0
1764501099254 2.0 0
1764501099340 1.0 0
1764501099427 1.0 0
1764501099517 2.0 0
1764501099605 1.0 0
1764501099691 1.0 0
1764501099774 1.0 0
1764501099861 1.0 0
1764501099949 11.0 0
1764501100034 11.0 0
1764501100122 9.0 0
1764501100213 9.0 0
1764501100304 8.0 0
1764501100399 9.0 0
1764501100489 8.0 0
1764501100581 8.0 0
1764501100668 9.0 0
1764501100758 8.0 0
1764501100845 8.0 0
1764501100935 8.0 0
1764501101022 9.0 0
1764501101111 8.0 0
1764501101198 8.0 0
1764501101286 8.0 0
1764501101378 8.0 0
1764501101468 8.0 0
1764501101567 8.0 0
1764501101655 9.0 0
1764501101742 9.0 0
1764501101826 9.0 0
1764501101910 9.0 0
1764501102003 9.0 0
1764501102089 9.0 0
1764501102180 9.0 0
1764501102267 9.0 0
1764501102358 10.0 0
1764501102447 9.0 0
1764501102537 8.0 0
1764501102625 10.0 0
1764501102711 9.0 0
1764501102797 9.0 0
1764501102881 11.0 0
1764501102963 11.0 0
1764501103054 11.0 0
1764501103142 10.0 0
1764501103225 10.0 0
1764501103316 10.0 0
1764501103408 10.0 0
1764501103502 10.0 0
1764501103588 9.0 0
1764501103675 10.0 0
1764501103766 8.0 0
1764501103852 8.0 0
1764501103937 7.0 0
1764501104022 8.0 0
1764501104115 9.0 0
1764501104206 9.0 0
1764501104289 8.0 0
1764501104373 10.0 0
1764501104459 9.0 0
1764501104548 9.0 0
1764501104639 8.0 0
1764501104730 8.0 0
1764501104816 8.0 0
1764501104912 8.0 0
1764501104998 8.0 0
1764501105084 8.0 0
1764501105177 8.0 0
1764501105264 9.0 0
1764501105352 8.0 0
1764501105439 8.0 0
1764501105530 8.0 0
1764501105609 8.0 0
1764501105693 8.0 0
1764501105780 9.0 0
1764501105869 8.0 0
1764501105955 7.0 0
1764501106038 7.0 0
1764501106128 7.0 0
1764501106209 7.0 0
1764501106300 7.0 0
1764501106386 8.0 0
1764501106473 7.0 0
1764501106560 7.0 0
1764501106648 7.0 0
1764501106736 7.0 0
1764501106821 7.0 0
1764501106908 7.0 0
1764501106997 5.0 0
1764501107081 4.0 0
1764501107168 3.0 0
1764501107255 5.0 0
1764501107343 5.0 0
1764501107428 4.0 0
1764501107512 4.0 0
1764501107599 5.0 0
1764501107688 5.0 0
1764501107780 5.0 0
1764501107865 3.0 0
1764501107948 5.0 0
1764501108036 4.0 0
1764501108122 4.0 0
1764501108212 4.0 0
1764501108296 5.0 0
1764501108378 4.0 0
1764501108464 4.0 0
1764501108553 3.0 0
1764501108638 3.0 0
1764501108723 3.0 0
1764501108809 3.0 0
1764501108893 3.0 0
1764501108982 4.0 0
1764501109063 4.0 0
1764501109148 2.0 0
1764501109236 2.0 0
1764501109321 2.0 0
1764501109409 2.0 0
1764501109495 4.0 0
1764501109582 3.0 0
1764501109668 3.0 0
1764501109753 3.0 0
1764501109846 3.0 0
1764501109932 2.0 0
1764501110020 3.0 0
1764501110104 3.0 0
1764501110188 3.0 0
1764501110270 3.0 0
1764501110355 3.0 0
1764501110442 3.0 0
1764501110529 3.0 0
1764501110614 3.0 0
1764501110701 2.0 0
1764501110787 2.0 0
1764501110871 2.0 0
1764501110955 2.0 0
1764501111044 2.0 0
1764501111128 1.0 0
1764501111211 1.0 0
1764501111295 2.0 0
1764501111379 1.0 0
1764501111460 1.0 0
1764501111556 1.0 0
1764501111638 1.0 0
1764501111719 1.0 0
1764501111800 1.0 0
1764501111879 2.0 0
1764501111962 2.0 0
1764501112043 1.0 0
1764501112123 1.0 0
1764501112215 3.0 0
1764501112299 4.0 0
1764501112384 5.0 0
1764501112472 4.0 0
1764501112561 5.0 0
1764501112643 6.0 0
1764501112726 4.0 0
1764501112812 5.0 0
1764501112897 4.0 0
1764501112982 4.0 0
1764501113062 5.0 0
1764501113148 3.0 0
1764501113231 4.0 0
1764501113321 4.0 0
1764501113405 3.0 0
1764501113493 3.0 0
1764501113578 3.0 0
1764501113666 3.0 0
1764501113755 3.0 0
1764501113839 3.0 0
1764501113927 4.0 0
1764501114011 4.0 0
1764501114090 3.0 0
1764501114177 3.0 0
1764501114260 3.0 0
1764501114350 4.0 0
1764501114438 4.0 0
1764501114522 3.0 0
1764501114607 3.0 0
1764501114689 2.0 0
1764501114772 2.0 0
1764501114855 1.0 0
1764501114947 1.0 0
1764501115033 1.0 0
1764501115118 1.0 0
1764501115199 1.0 0
1764501115284 1.0 0
1764501115364 1.0 0
1764501115446 1.0 0
1764501115538 1.0 0
1764501115620 1.0 0
1764501115707 1.0 0
1764501115792 1.0 0
1764501115876 1.0 0
1764501115963 1.0 0
1764501116046 1.0 0
1764501116129 1.0 0
1764501116209 1.0 0
1764501116293 1.0 0
1764501116377 1.0 0
1764501116457 1.0 0
1764501116546 1.0 0
1764501116628 1.0 0
1764501116711 1.0 0
1764501116798 1.0 0
1764501116879 1.0 0
1764501116962 1.0 0
1764501117044 2.0 0
1764501117125 2.0 0
1764501117210 1.0 0
1764501117297 1.0 0
1764501117381 1.0 0
1764501117465 1.0 0
1764501117553 1.0 0
1764501117638 2.0 0
1764501117720 1.0 0
1764501117802 1.0 0
1764501117885 2.0 0
1764501117971 1.0 0
1764501118050 1.0 0
1764501118129 1.0 0
1764501118212 1.0 0
1764501118300 1.0 0
1764501118386 2.0 0
1764501118468 2.0 0
1764501118554 2.0 0
1764501118635 2.0 0
1764501118719 1.0 0
1764501118809 1.0 0
1764501118894 1.0 0
1764501118979 2.0 0
1764501119069 2.0 0
1764501119154 2.0 0
1764501119242 2.0 0
1764501119324 2.0 0
1764501119418 2.0 0
1764501119506 2.0 0
1764501119592 1.0 0
1764501119675 1.0 0
1764501119757 2.0 0
1764501119838 2.0 0
1764501119917 1.0 0
1764501119999 1.0 0
1764501120086 2.0 0
1764501120170 3.0 0
1764501120252 3.0 0
1764501120338 1.0 0
1764501120425 1.0 0
1764501120508 1.0 0
1764501120592 3.0 0
1764501120680 4.0 0
1764501120767 3.0 0
1764501120854 4.0 0
1764501120935 4.0 0
1764501121022 4.0 0
1764501121103 4.0 0
1764501121188 4.0 0
1764501121275 2.0 0
1764501121360 2.0 0
1764501121446 2.0 0
1764501121530 2.0 0
1764501121620 2.0 0
1764501121705 2.0 0
1764501121789 2.0 0
1764501121873 2.0 0
1764501121958 4.0 0
1764501122041 4.0 0
1764501122126 4.0 0
1764501122211 3.0 0
1764501122305 4.0 0
1764501122393 3.0 0
1764501122484 5.0 0
1764501122574 3.0 0
1764501122663 4.0 0
1764501122745 3.0 0
1764501122838 4.0 0
1764501122918 4.0 0
1764501122999 4.0 0
1764501123075 4.0 0
1764501123164 4.0 0
1764501123258 4.0 0
1764501123346 4.0 0
1764501123437 3.0 0
1764501123508 4.0 0
1764501123602 5.0 0
1764501123689 3.0 0
1764501123763 4.0 0
1764501123854 3.0 0
1764501123942 4.0 0
1764501124031 3.0 0
1764501124115 4.0 0
1764501124195 3.0 0
1764501124284 4.0 0
1764501124367 4.0 0
1764501124458 4.0 0
1764501124540 3.0 0
1764501124626 3.0 0
1764501124715 3.0 0
1764501124793 3.0 0
1764501124876 3.0 0
1764501124963 3.0 0
1764501125045 4.0 0
1764501125130 3.0 0
1764501125224 3.0 0
1764501125293 2.0 0
1764501125378 2.0 0
1764501125457 2.0 0
1764501125550 1.0 0
1764501125624 1.0 0
1764501125715 1.0 0
1764501125784 1.0 0
1764501125878 1.0 0
1764501125958 0.0 0
1764501126038 0.0 0
1764501126120 0.0 0
1764501126196 1.0 0
1764501126275 0.0 0
1764501126363 1.0 0
1764501126451 1.0 0
1764501126523 1.0 0
1764501126618 1.0 0
1764501126699 1.0 0
1764501126778 1.0 0
1764501126866 1.0 0
1764501126939 2.0 0
1764501127030 2.0 0
1764501127099 2.0 0
1764501127185 2.0 0
1764501127257 2.0 0
1764501127352 2.0 0
1764501127420 2.0 0
1764501127508 1.0 0
1764501127593 2.0 0
1764501127663 2.0 0
1764501127766 2.0 0
1764501127840 3.0 0
1764501127924 3.0 0
1764501127997 3.0 0
1764501128098 3.0 0
1764501128178 3.0 0
1764501128250 3.0 0
1764501128341 3.0 0
1764501128415 4.0 0
1764501128499 4.0 0
1764501128578 4.0 0
1764501128674 4.0 0
1764501128760 3.0 0
1764501128842 3.0 0
1764501128912 3.0 0
1764501128996 3.0 0
1764501129088 2.0 0
1764501129169 2.0 0
1764501129251 2.0 0
1764501129323 3.0 0
1764501129408 3.0 0
1764501129481 4.0 0
1764501129573 2.0 0
1764501129651 2.0 0
1764501129746 2.0 0
1764501129815 2.0 0
1764501129899 1.0 0
1764501129990 1.0 0
1764501130062 0.0 0
1764501130157 1.0 0
1764501130226 1.0 0
1764501130310 1.0 0
1764501130405 2.0 0
1764501130481 1.0 0
1764501130563 0.0 0
1764501130645 1.0 0
1764501130718 1.0 0
1764501130805 2.0 0
1764501130891 3.0 0
1764501130972 2.0 0
1764501131051 3.0 0
1764501131123 2.0 0
1764501131208 2.0 0
1764501131293 2.0 0
1764501131368 2.0 0
1764501131460 2.0 0
1764501131549 2.0 0
1764501131621 2.0 0
1764501131698 2.0 0
1764501131784 2.0 0
1764501131863 2.0 0
1764501131956 2.0 0
1764501132026 2.0 0
1764501132105 1.0 0
1764501132199 1.0 0
1764501132269 1.0 0
1764501132362 1.0 0
1764501132445 1.0 0
1764501132516 2.0 0
1764501132602 3.0 0
1764501132687 2.0 0
1764501132778 2.0 0
1764501132866 2.0 0
1764501132945 2.0 0
1764501133027 2.0 0
1764501133098 2.0 0
1764501133186 2.0 0
1764501133269 2.0 0
1764501133362 2.0 0
1764501133433 2.0 0
1764501133512 2.0 0
1764501133596 2.0 0
1764501133683 2.0 0
1764501133762 2.0 0
1764501133847 2.0 0
1764501133930 2.0 0
1764501134009 2.0 0
1764501134093 3.0 0
1764501134178 3.0 0
1764501134251 3.0 0
1764501134335 2.0 0
1764501134413 2.0 0
1764501134498 3.0 0
1764501134593 2.0 0
1764501134669 3.0 0
1764501134756 3.0 0
1764501134836 3.0 0
1764501134910 2.0 0
1764501134996 2.0 0
1764501135080 2.0 0
1764501135169 2.0 0
1764501135247 3.0 0
1764501135335 2.0 0
1764501135416 2.0 0
1764501135508 3.0 0
1764501135584 3.0 0
1764501135663 3.0 0
1764501135756 2.0 0
1764501135833 3.0 0
1764501135926 3.0 0
1764501135996 2.0 0
1764501136080 3.0 0
1764501136162 3.0 0
1764501136253 3.0 0
1764501136329 3.0 0
1764501136423 3.0 0
1764501136499 3.0 0
1764501136584 3.0 0
1764501136669 3.0 0
1764501136757 4.0 0
1764501136842 5.0 0
1764501136938 4.0 0
1764501137014 2.0 0
1764501137107 3.0 0
1764501137193 3.0 0
1764501137261 3.0 0
1764501137358 3.0 0
1764501137432 2.0 0
1764501137511 3.0 0
1764501137590 2.0 0
1764501137675 2.0 0
1764501137772 2.0 0
1764501137850 2.0 0
1764501137938 2.0 0
1764501138008 3.0 0
1764501138108 2.0 0
1764501138196 2.0 0
1764501138275 2.0 0
1764501138362 2.0 0
1764501138450 2.0 0
1764501138539 2.0 0
1764501138607 3.0 0
1764501138692 2.0 0
1764501138784 2.0 0
1764501138872 2.0 0
1764501138963 2.0 0
1764501139032 2.0 0
1764501139117 2.0 0
1764501139202 2.0 0
1764501139284 2.0 0
1764501139362 2.0 0
1764501139452 2.0 0
1764501139529 2.0 0
1764501139609 2.0 0
1764501139692 2.0 0
1764501139777 2.0 0
1764501139871 2.0 0
1764501139962 2.0 0
1764501140041 3.0 0
1764501140123 2.0 0
1764501140217 3.0 0
1764501140293 2.0 0
1764501140377 2.0 0
1764501140457 3.0 0
1764501140551 3.0 0
1764501140635 2.0 0
1764501140711 3.0 0
1764501140796 3.0 0
1764501140880 2.0 0
1764501140968 2.0 0
1764501141053 2.0 0
1764501141135 2.0 0
1764501141214 2.0 0
1764501141286 2.0 0
1764501141368 2.0 0
1764501141454 2.0 0
1764501141547 2.0 0
1764501141626 2.0 0
1764501141713 2.0 0
1764501141784 2.0 0
1764501141869 2.0 0
1764501141955 2.0 0
1764501142035 2.0 0
1764501142117 2.0 0
1764501142196 2.0 0
1764501142275 2.0 0
1764501142364 2.0 0
1764501142448 2.0 0
1764501142517 2.0 0
1764501142607 2.0 0
1764501142696 2.0 0
1764501142772 2.0 0
1764501142856 2.0 0
1764501142945 2.0 0
1764501143013 2.0 0
1764501143107 2.0 0
1764501143190 2.0 0
1764501143275 2.0 0
1764501143362 2.0 0
1764501143456 2.0 0
1764501143528 2.0 0
1764501143610 2.0 0
1764501143686 2.0 0
1764501143768 2.0 0
1764501143866 2.0 0
1764501143952 2.0 0
1764501144019 3.0 0
1764501144104 3.0 0
1764501144189 2.0 0
1764501144268 2.0 0
1764501144363 2.0 0
1764501144431 3.0 0
1764501144510 2.0 0
1764501144602 2.0 0
1764501144690 2.0 0
1764501144762 2.0 0
1764501144844 2.0 0
1764501144937 2.0 0
1764501145023 2.0 0
1764501145104 2.0 0
1764501145196 2.0 0
1764501145275 2.0 0
1764501145367 2.0 0
1764501145446 3.0 0
1764501145523 3.0 0
1764501145594 2.0 0
1764501145680 3.0 0
1764501145767 2.0 0
1764501145857 2.0 0
1764501145934 2.0 0
1764501146015 3.0 0
1764501146104 3.0 0
1764501146184 3.0 0
1764501146261 2.0 0
1764501146353 3.0 0
1764501146436 2.0 0
1764501146511 3.0 0
1764501146590 3.0 0
1764501146681 3.0 0
1764501146771 4.0 0
1764501146843 4.0 0
1764501146929 4.0 0
1764501147023 4.0 0
1764501147108 4.0 0
1764501147177 4.0 0
1764501147268 4.0 0
1764501147351 5.0 0
1764501147418 5.0 0
1764501147510 5.0 0
1764501147595 5.0 0
1764501147686 4.0 0
1764501147771 4.0 0
1764501147843 4.0 0
1764501147928 4.0 0
1764501148022 4.0 0
1764501148107 4.0 0
1764501148183 4.0 0
1764501148262 5.0 0
1764501148362 4.0 0
1764501148431 4.0 0
1764501148516 4.0 0
1764501148595 4.0 0
1764501148681 4.0 0
1764501148762 4.0 0
1764501148844 4.0 0
1764501148929 5.0 0
1764501149016 4.0 0
1764501149086 4.0 0
1764501149183 4.0 0
1764501149268 4.0 0
1764501149361 4.0 0
1764501149431 4.0 0
1764501149510 4.0 0
1764501149594 4.0 0
1764501149680 4.0 0
1764501149761 5.0 0
1764501149845 6.0 0
1764501149928 7.0 0
1764501150007 5.0 0
1764501150092 5.0 0
1764501150184 5.0 0
1764501150261 6.0 0
1764501150353 6.0 0
1764501150435 7.0 0
1764501150503 5.0 0
1764501150589 5.0 0
1764501150668 4.0 0
1764501150775 5.0 0
1764501150858 5.0 0
1764501150935 5.0 0
1764501151014 4.0 0
1764501151098 6.0 0
1764501151183 4.0 0
1764501151262 6.0 0
1764501151353 4.0 0
1764501151435 6.0 0
1764501151519 5.0 0
1764501151605 6.0 0
1764501151680 6.0 0
1764501151768 6.0 0
1764501151851 6.0 0
1764501151934 6.0 0
1764501152013 6.0 0
1764501152092 6.0 0
1764501152183 6.0 0
1764501152263 6.0 0
1764501152356 4.0 0
1764501152431 4.0 0
1764501152517 4.0 0
1764501152589 5.0 0
1764501152689 5.0 0
1764501152768 4.0 0
1764501152850 4.0 0
1764501152945 4.0 0
1764501153019 3.0 0
1764501153092 3.0 0
1764501153183 4.0 0
1764501153264 5.0 0
1764501153351 3.0 0
1764501153419 5.0 0
1764501153505 2.0 0
1764501153588 4.0 0
1764501153677 3.0 0
1764501153767 2.0 0
1764501153837 4.0 0
1764501153931 5.0 0
1764501154013 4.0 0
1764501154098 4.0 0
1764501154183 4.0 0
1764501154271 5.0 0
1764501154361 5.0 0
1764501154431 4.0 0
1764501154517 4.0 0
1764501154616 4.0 0
1764501154701 4.0 0
1764501154768 4.0 0
1764501154849 3.0 0
1764501154952 4.0 0
1764501155035 3.0 0
1764501155104 3.0 0
1764501155195 3.0 0
1764501155266 4.0 0
1764501155367 4.0 0
1764501155437 4.0 0
1764501155523 4.0 0
1764501155602 4.0 0
1764501155701 4.0 0
1764501155784 4.0 0
1764501155871 4.0 0
1764501155958 5.0 0
1764501156025 3.0 0
1764501156110 4.0 0
1764501156204 4.0 0
1764501156286 4.0 0
1764501156377 3.0 0
1764501156467 3.0 0
1764501156552 4.0 0
1764501156619 4.0 0
1764501156712 4.0 0
1764501156789 4.0 0
1764501156877 3.0 0
1764501156971 3.0 0
1764501157043 3.0 0
1764501157134 3.0 0
1764501157213 3.0 0
1764501157306 4.0 0
1764501157389 5.0 0
1764501157473 5.0 0
1764501157561 5.0 0
1764501157631 6.0 0
1764501157731 7.0 0
1764501157806 6.0 0
1764501157902 8.0 0
1764501157983 8.0 0
1764501158068 6.0 0
1764501158159 7.0 0
1764501158231 6.0 0
1764501158330 7.0 0
1764501158401 8.0 0
1764501158495 6.0 0
1764501158573 4.0 0
1764501158656 4.0 0
1764501158734 5.0 0
1764501158813 5.0 0
1764501158892 5.0 0
1764501158983 5.0 0
1764501159073 4.0 0
1764501159160 5.0 0
1764501159231 5.0 0
1764501159316 5.0 0
1764501159394 5.0 0
1764501159473 5.0 0
1764501159572 5.0 0
1764501159652 5.0 0
1764501159736 5.0 0
1764501159800 5.0 0
1764501159895 4.0 0
1764501159971 4.0 0
1764501160061 4.0 0
1764501160153 5.0 0
1764501160225 5.0 0
1764501160326 6.0 0
1764501160394 5.0 0
1764501160479 5.0 0
1764501160572 6.0 0
1764501160656 6.0 0
1764501160728 7.0 0
1764501160813 6.0 0
1764501160897 5.0 0
1764501160986 4.0 0
1764501161073 5.0 0
1764501161156 5.0 0
1764501161224 6.0 0
1764501161316 5.0 0
1764501161401 6.0 0
1764501161483 6.0 0
1764501161574 6.0 0
1764501161649 7.0 0
1764501161728 7.0 0
1764501161819 7.0 0
1764501161892 7.0 0
1764501161983 6.0 0
1764501162074 8.0 0
1764501162167 7.0 0
1764501162237 7.0 0
1764501162322 8.0 0
1764501162406 6.0 0
1764501162492 6.0 0
1764501162583 7.0 0
1764501162661 7.0 0
1764501162743 7.0 0
1764501162822 8.0 0
1764501162903 8.0 0
1764501162988 7.0 0
1764501163079 8.0 0
1764501163169 6.0 0
1764501163253 7.0 0
1764501163327 7.0 0
1764501163413 8.0 0
1764501163491 8.0 0
1764501163583 9.0 0
1764501163677 9.0 0
1764501163761 9.0 0
1764501163837 9.0 0
1764501163931 9.0 0
1764501164007 9.0 0
1764501164101 8.0 0
1764501164176 7.0 0
1764501164261 7.0 0
1764501164353 7.0 0
1764501164425 6.0 0
1764501164510 7.0 0
1764501164588 8.0 0
1764501164676 8.0 0
1764501164769 8.0 0
1764501164857 6.0 0
1764501164934 8.0 0
1764501165020 6.0 0
1764501165104 8.0 0
1764501165203 7.0 0
1764501165277 6.0 0
1764501165377 6.0 0
1764501165456 6.0 0
1764501165527 6.0 0
1764501165618 6.0 0
1764501165698 6.0 0
1764501165791 7.0 0
1764501165877 7.0 0
1764501165961 8.0 0
1764501166045 6.0 0
1764501166129 6.0 0
1764501166206 6.0 0
1764501166298 6.0 0
1764501166382 6.0 0
1764501166469 5.0 0
1764501166559 6.0 0
1764501166646 7.0 0
1764501166727 5.0 0
1764501166821 6.0 0
1764501166898 7.0 0
1764501166988 7.0 0
1764501167079 7.0 0
1764501167166 7.0 0
1764501167251 7.0 0
1764501167333 7.0 0
1764501167428 7.0 0
1764501167503 7.0 0
1764501167597 8.0 0
1764501167679 7.0 0
1764501167766 7.0 0
1764501167849 7.0 0
1764501167950 6.0 0
1764501168018 6.0 0
1764501168102 5.0 0
1764501168204 7.0 0
1764501168288 7.0 0
1764501168380 7.0 0
1764501168463 6.0 0
1764501168534 6.0 0
1764501168619 6.0 0
1764501168713 6.0 0
1764501168788 6.0 0
1764501168881 6.0 0
1764501168970 5.0 0
1764501169043 5.0 0
1764501169136 5.0 0
1764501169212 5.0 0
1764501169304 5.0 0
1764501169382 5.0 0
1764501169455 5.0 0
1764501169552 5.0 0
1764501169624 5.0 0
1764501169705 5.0 0
1764501169782 5.0 0
1764501169867 5.0 0
1764501169959 5.0 0
1764501170030 5.0 0
1764501170116 5.0 0
1764501170194 5.0 0
1764501170283 5.0 0
1764501170366 5.0 0
1764501170451 5.0 0
1764501170536 5.0 0
1764501170618 5.0 0
1764501170704 5.0 0
1764501170789 5.0 0
1764501170872 5.0 0
1764501170961 5.0 0
1764501171042 5.0 0
1764501171127 5.0 0
1764501171212 5.0 0
1764501171304 5.0 0
1764501171385 5.0 0
1764501171466 5.0 0
1764501171560 5.0 0
1764501171636 5.0 0
1764501171721 5.0 0
1764501171810 5.0 0
1764501171885 5.0 0
1764501171966 5.0 0
1764501172057 5.0 0
1764501172133 5.0 0
1764501172227 5.0 0
1764501172303 5.0 0
1764501172386 5.0 0
1764501172473 5.0 0
1764501172564 5.0 0
1764501172636 5.0 0
1764501172716 5.0 0
1764501172806 5.0 0
1764501172887 5.0 0
1764501172966 7.0 0
1764501173055 7.0 0
1764501173154 5.0 0
1764501173239 5.0 0
1764501173325 6.0 0
1764501173406 5.0 0
1764501173491 5.0 0
1764501173566 5.0 0
1764501173660 5.0 0
1764501173749 5.0 0
1764501173818 5.0 0
1764501173899 4.0 0
1764501173988 4.0 0
1764501174066 4.0 0
1764501174159 5.0 0
1764501174236 4.0 0
1764501174321 4.0 0
1764501174406 6.0 0
1764501174497 4.0 0
1764501174582 4.0 0
1764501174660 4.0 0
1764501174749 5.0 0
1764501174826 6.0 0
1764501174918 6.0 0
1764501174994 6.0 0
1764501175094 5.0 0
1764501175175 6.0 0
1764501175260 5.0 0
1764501175362 5.0 0
1764501175445 5.0 0
1764501175530 5.0 0
1764501175605 6.0 0
1764501175696 6.0 0
1764501175790 6.0 0
1764501175875 6.0 0
1764501175972 6.0 0
1764501176057 4.0 0
1764501176127 4.0 0
1764501176218 4.0 0
1764501176297 5.0 0
1764501176391 4.0 0
1764501176466 4.0 0
1764501176561 4.0 0
1764501176645 4.0 0
1764501176733 4.0 0
1764501176812 4.0 0
1764501176893 4.0 0
1764501176982 4.0 0
1764501177054 4.0 0
1764501177156 4.0 0
1764501177230 4.0 0
1764501177323 5.0 0
1764501177409 4.0 0
1764501177492 4.0 0
1764501177611 4.0 0
1764501177705 4.0 0
1764501177810 4.0 0
1764501177901 4.0 0
1764501177988 4.0 0
1764501178075 5.0 0
1764501178166 4.0 0
1764501178236 4.0 0
1764501178328 4.0 0
1764501178406 4.0 0
1764501178496 4.0 0
1764501178582 4.0 0
1764501178670 4.0 0
1764501178759 4.0 0
1764501178836 5.0 0
1764501178921 4.0 0
1764501179006 4.0 0
1764501179094 4.0 0
1764501179181 4.0 0
1764501179266 4.0 0
1764501179369 4.0 0
1764501179448 4.0 0
1764501179529 4.0 0
1764501179627 5.0 0
1764501179711 4.0 0
1764501179800 4.0 0
1764501179878 4.0 0
1764501179966 4.0 0
1764501180048 4.0 0
1764501180145 4.0 0
1764501180218 4.0 0
1764501180310 5.0 0
1764501180394 5.0 0
1764501180472 6.0 0
1764501180572 5.0 0
1764501180641 5.0 0
1764501180735 7.0 0
1764501180812 6.0 0
1764501180904 6.0 0
1764501180995 4.0 0
1764501181072 4.0 0
1764501181166 4.0 0
1764501181243 4.0 0
1764501181337 4.0 0
1764501181420 5.0 0
1764501181497 4.0 0
1764501181581 4.0 0
1764501181661 3.0 0
1764501181753 3.0 0
1764501181836 4.0 0
1764501181921 4.0 0
1764501182005 5.0 0
1764501182096 4.0 0
1764501182171 4.0 0
1764501182259 4.0 0
1764501182356 4.0 0
1764501182439 4.0 0
1764501182524 5.0 0
1764501182606 5.0 0
1764501182697 4.0 0
1764501182775 3.0 0
1764501182855 3.0 0
1764501182949 2.0 0
1764501183033 4.0 0
1764501183101 4.0 0
1764501183204 4.0 0
1764501183278 3.0 0
1764501183365 3.0 0
1764501183448 3.0 0
1764501183527 3.0 0
1764501183620 3.0 0
1764501183697 3.0 0
1764501183781 2.0 0
1764501183866 3.0 0
1764501183959 3.0 0
1764501184050 3.0 0
1764501184136 3.0 0
1764501184218 3.0 0
1764501184302 1.0 0
1764501184380 3.0 0
1764501184474 3.0 0
1764501184559 3.0 0
1764501184651 3.0 0
1764501184733 3.0 0
1764501184826 3.0 0
1764501184902 3.0 0
1764501184998 3.0 0
1764501185082 3.0 0
1764501185165 3.0 0
1764501185251 3.0 0
1764501185326 3.0 0
1764501185426 3.0 0
1764501185499 2.0 0
1764501185587 3.0 0
1764501185665 3.0 0
1764501185759 3.0 0
1764501185835 4.0 0
1764501185935 4.0 0
1764501186021 3.0 0
1764501186100 3.0 0
1764501186182 3.0 0
1764501186272 3.0 0
1764501186365 3.0 0
1764501186436 3.0 0
1764501186521 2.0 0
1764501186606 2.0 0
1764501186684 2.0 0
1764501186783 2.0 0
1764501186860 2.0 0
1764501186955 2.0 0
1764501187022 2.0 0
1764501187125 4.0 0
1764501187215 2.0 0
1764501187283 2.0 0
1764501187372 3.0 0
1764501187459 2.0 0
1764501187555 3.0 0
1764501187629 3.0 0
1764501187721 4.0 0
1764501187802 4.0 0
1764501187884 3.0 0
1764501187965 2.0 0
1764501188050 2.0 0
1764501188126 2.0 0
1764501188205 2.0 0
1764501188305 3.0 0
1764501188380 3.0 0
1764501188465 3.0 0
1764501188559 4.0 0
1764501188641 4.0 0
1764501188727 4.0 0
1764501188811 3.0 0
1764501188904 3.0 0
1764501188980 3.0 0
1764501189075 4.0 0
1764501189164 4.0 0
1764501189241 4.0 0
1764501189320 4.0 0
1764501189405 4.0 0
1764501189498 4.0 0
1764501189574 4.0 0
1764501189652 4.0 0
1764501189754 4.0 0
1764501189824 5.0 0
1764501189908 4.0 0
1764501189993 4.0 0
1764501190087 4.0 0
1764501190165 4.0 0
1764501190254 4.0 0
1764501190349 4.0 0
1764501190424 4.0 0
1764501190517 5.0 0
1764501190605 4.0 0
1764501190693 4.0 0
1764501190772 4.0 0
1764501190853 4.0 0
1764501190932 4.0 0
1764501191017 4.0 0
1764501191106 4.0 0
1764501191180 3.0 0
1764501191281 3.0 0
1764501191365 3.0 0
1764501191449 3.0 0
1764501191536 4.0 0
1764501191633 4.0 0
1764501191716 4.0 0
1764501191806 4.0 0
1764501191879 4.0 0
1764501191975 4.0 0
1764501192059 4.0 0
1764501192149 4.0 0
1764501192229 4.0 0
1764501192323 3.0 0
1764501192408 3.0 0
1764501192483 3.0 0
1764501192571 3.0 0
1764501192662 3.0 0
1764501192751 3.0 0
1764501192838 3.0 0
1764501192923 3.0 0
1764501192992 3.0 0
1764501193086 3.0 0
1764501193165 3.0 0
1764501193257 4.0 0
1764501193332 3.0 0
1764501193417 3.0 0
1764501193508 4.0 0
1764501193596 4.0 0
1764501193680 4.0 0
1764501193765 4.0 0
1764501193835 4.0 0
1764501193914 4.0 0
1764501194009 4.0 0
1764501194083 4.0 0
1764501194165 4.0 0
1764501194259 4.0 0
1764501194354 4.0 0
1764501194431 4.0 0
1764501194514 4.0 0
1764501194610 4.0 0
1764501194689 4.0 0
1764501194785 4.0 0
1764501194865 4.0 0
1764501194961 5.0 0
1764501195035 3.0 0
1764501195126 3.0 0
1764501195214 3.0 0
1764501195290 3.0 0
1764501195386 3.0 0
1764501195465 3.0 0
1764501195554 3.0 0
1764501195639 4.0 0
1764501195723 4.0 0
1764501195792 4.0 0
1764501195887 4.0 0
1764501195964 4.0 0
1764501196062 3.0 0
1764501196158 3.0 0
1764501196244 3.0 0
1764501196348 3.0 0
1764501196438 3.0 0
1764501196526 3.0 0
1764501196632 3.0 0
1764501196729 2.0 0
1764501196820 2.0 0
1764501196914 3.0 0
1764501197014 3.0 0
1764501197105 2.0 0
1764501197202 3.0 0
1764501197287 3.0 0
1764501197396 2.0 0
1764501197487 2.0 0
1764501197581 3.0 0
1764501197662 3.0 0
1764501197770 3.0 0
1764501197862 3.0 0
1764501197964 3.0 0
1764501198047 3.0 0
1764501198155 3.0 0
1764501198245 3.0 0
1764501198326 2.0 0
1764501198425 2.0 0
1764501198523 2.0 0
1764501198626 2.0 0
1764501198715 2.0 0
1764501198808 3.0 0
1764501198889 3.0 0
1764501198996 3.0 0
1764501199086 3.0 0
1764501199186 3.0 0
1764501199281 2.0 0
1764501199381 2.0 0
1764501199467 2.0 0
1764501199569 2.0 0
1764501199656 2.0 0
1764501199761 2.0 0
1764501199851 3.0 0
1764501199952 3.0 0
1764501200044 1.0 0
1764501200132 2.0 0
1764501200233 2.0 0
1764501200330 2.0 0
1764501200426 2.0 0
1764501200529 4.0 0
1764501200621 2.0 0
1764501200724 3.0 0
1764501200817 3.0 0
1764501200923 3.0 0
1764501201017 4.0 0
1764501201111 3.0 0
1764501201201 3.0 0
1764501201291 3.0 0
1764501201389 3.0 0
1764501201474 2.0 0
1764501201570 4.0 0
1764501201668 2.0 0
1764501201758 3.0 0
1764501201863 2.0 0
1764501201962 2.0 0
1764501202056 2.0 0
1764501202147 2.0 0
1764501202223 2.0 0
1764501202318 2.0 0
1764501202420 2.0 0
1764501202504 2.0 0
1764501202604 2.0 0
1764501202711 2.0 0
1764501202802 2.0 0
1764501202899 2.0 0
1764501202995 2.0 0
1764501203101 3.0 0
1764501203196 2.0 0
1764501203291 2.0 0
1764501203402 2.0 0
1764501203508 4.0 0
1764501203600 4.0 0
1764501203705 2.0 0
1764501203802 3.0 0
1764501203898 2.0 0
1764501204001 3.0 0
1764501204098 3.0 0
1764501204201 3.0 0
1764501204298 3.0 0
1764501204401 2.0 0
1764501204505 2.0 0
1764501204601 2.0 0
1764501204708 2.0 0
1764501204794 3.0 0
1764501204899 3.0 0
1764501205000 3.0 0
1764501205114 3.0 0
1764501205222 2.0 0
1764501205317 3.0 0
1764501205413 3.0 0
1764501205523 3.0 0
1764501205623 3.0 0
1764501205723 4.0 0
1764501205829 3.0 0
1764501205932 3.0 0
1764501206027 3.0 0
1764501206135 4.0 0
1764501206227 4.0 0
1764501206336 3.0 0
1764501206425 4.0 0
1764501206529 4.0 0
1764501206635 4.0 0
1764501206730 4.0 0
1764501206832 5.0 0
1764501206928 4.0 0
1764501207025 5.0 0
1764501207129 4.0 0
1764501207225 4.0 0
1764501207329 4.0 0
1764501207426 4.0 0
1764501207531 4.0 0
1764501207626 4.0 0
1764501207726 4.0 0
1764501207832 4.0 0
1764501207935 4.0 0
1764501208026 4.0 0
1764501208126 4.0 0
1764501208226 4.0 0
1764501208322 4.0 0
1764501208406 4.0 0
1764501208526 5.0 0
1764501208627 4.0 0
1764501208740 5.0 0
1764501208848 5.0 0
1764501208953 4.0 0
1764501209053 4.0 0
1764501209153 5.0 0
1764501209243 4.0 0
1764501209349 5.0 0
1764501209438 4.0 0
1764501209547 4.0 0
1764501209638 4.0 0
1764501209735 4.0 0
1764501209844 4.0 0
1764501209949 4.0 0
1764501210046 4.0 0
