1764501054973 0.33329343795776367 0
1764501055183 0.059023380279541016 0
1764501055271 0.07326030731201172 0
1764501055361 0.0673062801361084 0
1764501055450 0.07255434989929199 0
1764501055531 0.07406902313232422 0
1764501055621 0.07388067245483398 0
1764501055701 0.06597447395324707 0
1764501055792 0.07905912399291992 0
1764501055878 0.07109427452087402 0
1764501055962 0.07063961029052734 0
1764501056039 0.06668591499328613 0
1764501056118 0.06671333312988281 0
1764501056205 0.06881451606750488 0
1764501056294 0.07562112808227539 0
1764501056379 0.07173800468444824 0
1764501056463 0.06869959831237793 0
1764501056557 0.07771635055541992 0
1764501056640 0.07325053215026855 0
1764501056723 0.07154512405395508 0
1764501056803 0.06399655342102051 0
1764501056895 0.07901239395141602 0
1764501056979 0.07065987586975098 0
1764501057068 0.07627296447753906 0
1764501057149 0.06945109367370605 0
1764501057236 0.07583117485046387 0
1764501057318 0.07819771766662598 0
1764501057407 0.0739448070526123 0
1764501057494 0.07148241996765137 0
1764501057580 0.07184481620788574 0
1764501057665 0.06695747375488281 0
1764501057743 0.0651242733001709 0
1764501057834 0.07286310195922852 0
1764501057919 0.0724177360534668 0
1764501058003 0.07198071479797363 0
1764501058094 0.07495713233947754 0
1764501058183 0.07364225387573242 0
1764501058270 0.07338190078735352 0
1764501058360 0.07596707344055176 0
1764501058440 0.0646522045135498 0
1764501058532 0.07216525077819824 0
1764501058612 0.06639671325683594 0
1764501058690 0.06657528877258301 0
1764501058773 0.07171988487243652 0
1764501058853 0.06679391860961914 0
1764501058938 0.06838178634643555 0
1764501059025 0.07092571258544922 0
1764501059106 0.06567931175231934 0
1764501059187 0.06819581985473633 0
1764501059271 0.06672286987304688 0
1764501059355 0.07029390335083008 0
1764501059435 0.06637883186340332 0
1764501059520 0.06737136840820312 0
1764501059605 0.07296466827392578 0
1764501059690 0.07274103164672852 0
1764501059773 0.07178544998168945 0
1764501059861 0.07329225540161133 0
1764501059943 0.06734704971313477 0
1764501060028 0.07083368301391602 0
1764501060110 0.06852316856384277 0
1764501060190 0.06659770011901855 0
1764501060271 0.0667724609375 0
1764501060356 0.0680086612701416 0
1764501060435 0.06581830978393555 0
1764501060522 0.0689241886138916 0
1764501060612 0.07346940040588379 0
1764501060701 0.0731351375579834 0
1764501060789 0.07338929176330566 0
1764501060874 0.07086563110351562 0
1764501060959 0.06865310668945312 0
1764501061041 0.0687568187713623 0
1764501061125 0.07187223434448242 0
1764501061205 0.06707215309143066 0
1764501061293 0.07265162467956543 0
1764501061379 0.07115316390991211 0
1764501061463 0.06658291816711426 0
1764501061560 0.07665371894836426 0
1764501061652 0.07889485359191895 0
1764501061740 0.07091164588928223 0
1764501061829 0.07186102867126465 0
1764501061920 0.07604789733886719 0
1764501062010 0.07193732261657715 0
1764501062100 0.0766899585723877 0
1764501062193 0.0778965950012207 0
1764501062277 0.06780052185058594 0
1764501062362 0.06794977188110352 0
1764501062458 0.07596659660339355 0
1764501062540 0.0686802864074707 0
1764501062623 0.07198524475097656 0
1764501062707 0.0697627067565918 0
1764501062793 0.07134079933166504 0
1764501062877 0.06798195838928223 0
1764501062962 0.07277703285217285 0
1764501063054 0.07535004615783691 0
1764501063144 0.0788583755493164 0
1764501063229 0.07253694534301758 0
1764501063318 0.0707709789276123 0
1764501063403 0.07087397575378418 0
1764501063488 0.07175707817077637 0
1764501063574 0.07308411598205566 0
1764501063663 0.07510161399841309 0
1764501063748 0.07179450988769531 0
1764501063835 0.07260465621948242 0
1764501063924 0.07654714584350586 0
1764501064005 0.06668639183044434 0
1764501064095 0.07349634170532227 0
1764501064184 0.0767214298248291 0
1764501064271 0.07288384437561035 0
1764501064357 0.07166671752929688 0
1764501064441 0.06981801986694336 0
1764501064524 0.06769537925720215 0
1764501064605 0.0677952766418457 0
1764501064694 0.07758593559265137 0
1764501064780 0.07289648056030273 0
1764501064865 0.07276749610900879 0
1764501064956 0.07261157035827637 0
1764501065041 0.07263588905334473 0
1764501065124 0.06979107856750488 0
1764501065207 0.06972527503967285 0
1764501065297 0.07541728019714355 0
1764501065384 0.07065343856811523 0
1764501065476 0.0767521858215332 0
1764501065556 0.06594491004943848 0
1764501065647 0.07858848571777344 0
1764501065733 0.07363700866699219 0
1764501065820 0.07640242576599121 0
1764501065910 0.07574892044067383 0
1764501065993 0.0683908462524414 0
1764501066080 0.07277941703796387 0
1764501066163 0.06744813919067383 0
1764501066251 0.07348775863647461 0
1764501066339 0.07359194755554199 0
1764501066429 0.07388424873352051 0
1764501066513 0.07269835472106934 0
1764501066599 0.07331609725952148 0
1764501066681 0.07061362266540527 0
1764501066770 0.07365298271179199 0
1764501066856 0.07290029525756836 0
1764501066943 0.0704352855682373 0
1764501067029 0.0697622299194336 0
1764501067115 0.06879067420959473 0
1764501067204 0.07370495796203613 0
1764501067293 0.07172274589538574 0
1764501067386 0.07885289192199707 0
1764501067471 0.07263851165771484 0
1764501067556 0.06906604766845703 0
1764501067644 0.06830382347106934 0
1764501067733 0.07397818565368652 0
1764501067813 0.0658111572265625 0
1764501067898 0.07096052169799805 0
1764501067986 0.07208061218261719 0
1764501068072 0.07356715202331543 0
1764501068161 0.07284116744995117 0
1764501068247 0.07255339622497559 0
1764501068335 0.07275104522705078 0
1764501068422 0.07276749610900879 0
1764501068510 0.0716245174407959 0
1764501068594 0.06832575798034668 0
1764501068677 0.06769251823425293 0
1764501068766 0.07472348213195801 0
1764501068853 0.07219529151916504 0
1764501068938 0.06819295883178711 0
1764501069035 0.07858109474182129 0
1764501069125 0.07448363304138184 0
1764501069210 0.06897521018981934 0
1764501069297 0.07456469535827637 0
1764501069393 0.079925537109375 0
1764501069473 0.06576013565063477 0
1764501069557 0.06769895553588867 0
1764501069640 0.06999516487121582 0
1764501069726 0.0706791877746582 0
1764501069811 0.07300066947937012 0
1764501069895 0.06767725944519043 0
1764501069980 0.07237482070922852 0
1764501070063 0.0699155330657959 0
1764501070150 0.07279062271118164 0
1764501070241 0.07264280319213867 0
1764501070327 0.07201504707336426 0
1764501070409 0.06871700286865234 0
1764501070494 0.06976461410522461 0
1764501070580 0.06938838958740234 0
1764501070671 0.07406926155090332 0
1764501070766 0.07771849632263184 0
1764501070850 0.06977701187133789 0
1764501070937 0.07247447967529297 0
1764501071023 0.07381963729858398 0
1764501071114 0.0729985237121582 0
1764501071199 0.07106208801269531 0
1764501071285 0.06958222389221191 0
1764501071370 0.06862115859985352 0
1764501071454 0.07038164138793945 0
1764501071537 0.0728614330291748 0
1764501071628 0.07198619842529297 0
1764501071713 0.07191967964172363 0
1764501071798 0.07254719734191895 0
1764501071888 0.07217621803283691 0
1764501071974 0.07210683822631836 0
1764501072060 0.07080554962158203 0
1764501072145 0.07032132148742676 0
1764501072229 0.06889057159423828 0
1764501072313 0.06689143180847168 0
1764501072408 0.0765690803527832 0
1764501072489 0.06672453880310059 0
1764501072574 0.06895923614501953 0
1764501072665 0.0727834701538086 0
1764501072749 0.06784844398498535 0
1764501072831 0.0666806697845459 0
1764501072919 0.07258057594299316 0
1764501073006 0.0706479549407959 0
1764501073092 0.0718374252319336 0
1764501073181 0.0735170841217041 0
1764501073263 0.06828165054321289 0
1764501073349 0.06678056716918945 0
1764501073445 0.07759523391723633 0
1764501073531 0.0728001594543457 0
1764501073623 0.07452893257141113 0
1764501073705 0.06871652603149414 0
1764501073789 0.06967616081237793 0
1764501073872 0.06975626945495605 0
1764501073953 0.06754636764526367 0
1764501074038 0.0708775520324707 0
1764501074123 0.07061290740966797 0
1764501074210 0.07208919525146484 0
1764501074308 0.07952713966369629 0
1764501074399 0.07358622550964355 0
1764501074484 0.07371354103088379 0
1764501074570 0.07106471061706543 0
1764501074654 0.06869673728942871 0
1764501074738 0.07050633430480957 0
1764501074820 0.07009387016296387 0
1764501074907 0.07292628288269043 0
1764501074998 0.07465100288391113 0
1764501075089 0.0726618766784668 0
1764501075175 0.06912851333618164 0
1764501075264 0.07206201553344727 0
1764501075350 0.07296586036682129 0
1764501075439 0.07274746894836426 0
1764501075525 0.07273221015930176 0
1764501075608 0.06727385520935059 0
1764501075692 0.06984686851501465 0
1764501075779 0.07211041450500488 0
1764501075868 0.07262301445007324 0
1764501075950 0.06847333908081055 0
1764501076040 0.07227659225463867 0
1764501076125 0.07254505157470703 0
1764501076211 0.07378315925598145 0
1764501076299 0.07247638702392578 0
1764501076385 0.07173681259155273 0
1764501076465 0.0671236515045166 0
1764501076555 0.07606339454650879 0
1764501076645 0.07243013381958008 0
1764501076730 0.07175230979919434 0
1764501076814 0.07004761695861816 0
1764501076895 0.06664586067199707 0
1764501076981 0.06997227668762207 0
1764501077065 0.06928372383117676 0
1764501077154 0.07179760932922363 0
1764501077238 0.0688772201538086 0
1764501077327 0.0738222599029541 0
1764501077414 0.0709538459777832 0
1764501077505 0.07415080070495605 0
1764501077586 0.06694936752319336 0
1764501077671 0.07150125503540039 0
1764501077755 0.06670904159545898 0
1764501077841 0.06753182411193848 0
1764501077930 0.07150626182556152 0
1764501078016 0.0728147029876709 0
1764501078100 0.06778836250305176 0
1764501078184 0.06879901885986328 0
1764501078266 0.0678415298461914 0
1764501078355 0.07241535186767578 0
1764501078440 0.0688626766204834 0
1764501078531 0.07272458076477051 0
1764501078620 0.07056188583374023 0
1764501078701 0.06758451461791992 0
1764501078790 0.07226157188415527 0
1764501078873 0.06825017929077148 0
1764501078958 0.0686492919921875 0
1764501079040 0.06778264045715332 0
1764501079123 0.0685281753540039 0
1764501079212 0.07531571388244629 0
1764501079295 0.06917524337768555 0
1764501079378 0.06768536567687988 0
1764501079458 0.06667828559875488 0
1764501079549 0.07386112213134766 0
1764501079633 0.07132863998413086 0
1764501079719 0.07286477088928223 0
1764501079807 0.07407188415527344 0
1764501079888 0.06769084930419922 0
1764501079970 0.06597495079040527 0
1764501080057 0.07182049751281738 0
1764501080141 0.07079696655273438 0
1764501080231 0.07570958137512207 0
1764501080319 0.07389044761657715 0
1764501080410 0.07283329963684082 0
1764501080495 0.06883978843688965 0
1764501080579 0.06819820404052734 0
1764501080662 0.06874728202819824 0
1764501080743 0.0675654411315918 0
1764501080836 0.07385897636413574 0
1764501080924 0.0711061954498291 0
1764501081004 0.06657719612121582 0
1764501081088 0.07224225997924805 0
1764501081173 0.0718691349029541 0
1764501081263 0.0727231502532959 0
1764501081348 0.07155489921569824 0
1764501081434 0.07290935516357422 0
1764501081517 0.06594491004943848 0
1764501081604 0.07222962379455566 0
1764501081682 0.06465554237365723 0
1764501081768 0.06809830665588379 0
1764501081850 0.0668802261352539 0
1764501081938 0.0724184513092041 0
1764501082024 0.07178020477294922 0
1764501082109 0.07264590263366699 0
1764501082188 0.06360006332397461 0
1764501082271 0.06872367858886719 0
1764501082347 0.06252861022949219 0
1764501082432 0.0718998908996582 0
1764501082519 0.07253336906433105 0
1764501082607 0.0725560188293457 0
1764501082688 0.06569123268127441 0
1764501082775 0.07154989242553711 0
1764501082859 0.06871914863586426 0
1764501082944 0.06938433647155762 0
1764501083031 0.0707387924194336 0
1764501083115 0.06880998611450195 0
1764501083201 0.07213783264160156 0
1764501083284 0.0696713924407959 0
1764501083366 0.06903457641601562 0
1764501083451 0.07344508171081543 0
1764501083533 0.06755900382995605 0
1764501083619 0.07076096534729004 0
1764501083708 0.07519221305847168 0
1764501083798 0.07675862312316895 0
1764501083882 0.0697777271270752 0
1764501083962 0.06713271141052246 0
1764501084046 0.06772327423095703 0
1764501084125 0.06659746170043945 0
1764501084207 0.06819820404052734 0
1764501084292 0.07004976272583008 0
1764501084377 0.06996011734008789 0
1764501084468 0.07384967803955078 0
1764501084555 0.07094383239746094 0
1764501084638 0.06686949729919434 0
1764501084724 0.07374906539916992 0
1764501084808 0.06769561767578125 0
1764501084895 0.07252955436706543 0
1764501084976 0.0670013427734375 0
1764501085062 0.06835746765136719 0
1764501085143 0.06659889221191406 0
1764501085225 0.0675363540649414 0
1764501085309 0.06952834129333496 0
1764501085397 0.07278609275817871 0
1764501085477 0.06567025184631348 0
1764501085561 0.0695805549621582 0
1764501085651 0.07578706741333008 0
1764501085731 0.067138671875 0
1764501085816 0.06796431541442871 0
1764501085898 0.06653499603271484 0
1764501085987 0.07358884811401367 0
1764501086066 0.0656893253326416 0
1764501086147 0.06622314453125 0
1764501086232 0.06873869895935059 0
1764501086313 0.06675004959106445 0
1764501086390 0.06370401382446289 0
1764501086476 0.0707406997680664 0
1764501086560 0.06681513786315918 0
1764501086643 0.06497430801391602 0
1764501086736 0.07171177864074707 0
1764501086830 0.07071042060852051 0
1764501086920 0.07175326347351074 0
1764501087008 0.06821799278259277 0
1764501087090 0.06546592712402344 0
1764501087178 0.07199954986572266 0
1764501087266 0.07189321517944336 0
1764501087348 0.0683603286743164 0
1764501087430 0.06895828247070312 0
1764501087513 0.06777167320251465 0
1764501087594 0.06563019752502441 0
1764501087681 0.06982755661010742 0
1764501087763 0.06581783294677734 0
1764501087848 0.07079911231994629 0
1764501087932 0.06740260124206543 0
1764501088017 0.06980085372924805 0
1764501088107 0.0738668441772461 0
1764501088191 0.06856751441955566 0
1764501088282 0.07463479042053223 0
1764501088368 0.07073402404785156 0
1764501088448 0.0671379566192627 0
1764501088531 0.06693387031555176 0
1764501088618 0.07093095779418945 0
1764501088704 0.06678605079650879 0
1764501088793 0.07380390167236328 0
1764501088880 0.07081341743469238 0
1764501088968 0.07191324234008789 0
1764501089050 0.06704139709472656 0
1764501089135 0.06876444816589355 0
1764501089216 0.06531190872192383 0
1764501089289 0.05684828758239746 0
1764501089387 0.07765460014343262 0
1764501089481 0.07078409194946289 0
1764501089564 0.06964945793151855 0
1764501089650 0.06903576850891113 0
1764501089735 0.06950497627258301 0
1764501089820 0.0697784423828125 0
1764501089898 0.06370401382446289 0
1764501089974 0.060331106185913086 0
1764501090053 0.0631706714630127 0
1764501090126 0.056859731674194336 0
1764501090221 0.06464576721191406 0
1764501090309 0.0724184513092041 0
1764501090402 0.07904791831970215 0
1764501090491 0.07344460487365723 0
1764501090589 0.08222484588623047 0
1764501090674 0.0684812068939209 0
1764501090772 0.07363367080688477 0
1764501090857 0.07375335693359375 0
1764501090943 0.06889748573303223 0
1764501091026 0.06782221794128418 0
1764501091111 0.06777477264404297 0
1764501091197 0.06675457954406738 0
1764501091282 0.0688028335571289 0
1764501091369 0.07208800315856934 0
1764501091461 0.07709264755249023 0
1764501091548 0.07066607475280762 0
1764501091631 0.06786489486694336 0
1764501091714 0.06729936599731445 0
1764501091800 0.06862831115722656 0
1764501091882 0.0677640438079834 0
1764501091964 0.06664919853210449 0
1764501092047 0.06678056716918945 0
1764501092134 0.0712590217590332 0
1764501092222 0.07327127456665039 0
1764501092304 0.06709456443786621 0
1764501092394 0.07244324684143066 0
1764501092480 0.06978726387023926 0
1764501092565 0.06937575340270996 0
1764501092649 0.06862020492553711 0
1764501092729 0.06566381454467773 0
1764501092814 0.06886506080627441 0
1764501092898 0.06981801986694336 0
1764501092980 0.06420183181762695 0
1764501093061 0.06758832931518555 0
1764501093140 0.06466197967529297 0
1764501093219 0.06477165222167969 0
1764501093299 0.06497716903686523 0
1764501093385 0.07081341743469238 0
1764501093470 0.06955575942993164 0
1764501093552 0.06562232971191406 0
1764501093634 0.06365823745727539 0
1764501093717 0.06668925285339355 0
1764501093801 0.06868433952331543 0
1764501093889 0.07163643836975098 0
1764501093970 0.0684053897857666 0
1764501094051 0.0672459602355957 0
1764501094134 0.06669330596923828 0
1764501094215 0.0667867660522461 0
1764501094297 0.06769227981567383 0
1764501094381 0.06867361068725586 0
1764501094463 0.0665888786315918 0
1764501094544 0.06633162498474121 0
1764501094625 0.06569910049438477 0
1764501094706 0.06571269035339355 0
1764501094786 0.06571030616760254 0
1764501094867 0.06564784049987793 0
1764501094951 0.06882572174072266 0
1764501095031 0.06511592864990234 0
1764501095118 0.07073616981506348 0
1764501095198 0.06476497650146484 0
1764501095281 0.06776928901672363 0
1764501095363 0.06665492057800293 0
1764501095446 0.06776022911071777 0
1764501095527 0.06363582611083984 0
1764501095609 0.06602811813354492 0
1764501095696 0.07114553451538086 0
1764501095782 0.07084131240844727 0
1764501095869 0.07035660743713379 0
1764501095954 0.06869888305664062 0
1764501096032 0.0637354850769043 0
1764501096114 0.06673502922058105 0
1764501096198 0.06882953643798828 0
1764501096278 0.0666041374206543 0
1764501096363 0.06927061080932617 0
1764501096447 0.06983208656311035 0
1764501096528 0.06469488143920898 0
1764501096615 0.07222485542297363 0
1764501096710 0.07979917526245117 0
1764501096795 0.07018518447875977 0
1764501096879 0.06903910636901855 0
1764501096962 0.06768083572387695 0
1764501097043 0.06557059288024902 0
1764501097123 0.06477475166320801 0
1764501097206 0.06677794456481934 0
1764501097288 0.06529760360717773 0
1764501097372 0.0694589614868164 0
1764501097463 0.07394289970397949 0
1764501097546 0.06646895408630371 0
1764501097631 0.06978225708007812 0
1764501097715 0.06735014915466309 0
1764501097805 0.07264399528503418 0
1764501097888 0.06775331497192383 0
1764501097979 0.07297205924987793 0
1764501098061 0.06666374206542969 0
1764501098149 0.06959295272827148 0
1764501098234 0.06932592391967773 0
1764501098318 0.06810832023620605 0
1764501098401 0.06662702560424805 0
1764501098486 0.06872892379760742 0
1764501098566 0.06570601463317871 0
1764501098651 0.06917738914489746 0
1764501098736 0.06867694854736328 0
1764501098822 0.0688161849975586 0
1764501098905 0.0696418285369873 0
1764501098988 0.06794357299804688 0
1764501099076 0.0725400447845459 0
1764501099167 0.07323837280273438 0
1764501099254 0.07061409950256348 0
1764501099340 0.08436799049377441 0
1764501099427 0.07393383979797363 0
1764501099517 0.07082223892211914 0
1764501099605 0.07096982002258301 0
1764501099691 0.06959652900695801 0
1764501099774 0.06878280639648438 0
1764501099861 0.07161712646484375 0
1764501099949 0.07551193237304688 0
1764501100034 0.07007026672363281 0
1764501100122 0.07191801071166992 0
1764501100213 0.0792379379272461 0
1764501100304 0.0740208625793457 0
1764501100399 0.0754547119140625 0
1764501100489 0.0728292465209961 0
1764501100581 0.07666134834289551 0
1764501100668 0.07063984870910645 0
1764501100758 0.07377839088439941 0
1764501100845 0.07074713706970215 0
1764501100935 0.0727243423461914 0
1764501101022 0.07099580764770508 0
1764501101111 0.07259941101074219 0
1764501101198 0.07089948654174805 0
1764501101286 0.07062959671020508 0
1764501101378 0.07480978965759277 0
1764501101468 0.07272529602050781 0
1764501101567 0.08058357238769531 0
1764501101655 0.07373666763305664 0
1764501101742 0.07095050811767578 0
1764501101826 0.06602764129638672 0
1764501101910 0.06868195533752441 0
1764501102003 0.07461071014404297 0
1764501102089 0.06936264038085938 0
1764501102180 0.07270121574401855 0
1764501102267 0.0704200267791748 0
1764501102358 0.0745382308959961 0
1764501102447 0.07184600830078125 0
1764501102537 0.07399392127990723 0
1764501102625 0.07257962226867676 0
1764501102711 0.06984400749206543 0
1764501102797 0.06876254081726074 0
1764501102881 0.06853222846984863 0
1764501102963 0.0671079158782959 0
1764501103054 0.0731806755065918 0
1764501103142 0.07073354721069336 0
1764501103225 0.06711387634277344 0
1764501103316 0.07492280006408691 0
1764501103408 0.0747678279876709 0
1764501103502 0.0769498348236084 0
1764501103588 0.07077646255493164 0
1764501103675 0.07144570350646973 0
1764501103766 0.07479095458984375 0
1764501103852 0.06882786750793457 0
1764501103937 0.06874370574951172 0
1764501104022 0.06956958770751953 0
1764501104115 0.07466769218444824 0
1764501104206 0.07491445541381836 0
1764501104289 0.0679779052734375 0
1764501104373 0.06906867027282715 0
1764501104459 0.0718388557434082 0
1764501104548 0.07318544387817383 0
1764501104639 0.07278990745544434 0
1764501104730 0.07479405403137207 0
1764501104816 0.07071542739868164 0
1764501104912 0.07986617088317871 0
1764501104998 0.07074618339538574 0
1764501105084 0.07064151763916016 0
1764501105177 0.07406949996948242 0
1764501105264 0.07083296775817871 0
1764501105352 0.0735466480255127 0
1764501105439 0.07109880447387695 0
1764501105530 0.07321906089782715 0
1764501105609 0.06467199325561523 0
1764501105693 0.06668949127197266 0
1764501105780 0.0708308219909668 0
1764501105869 0.07165670394897461 0
1764501105955 0.07078862190246582 0
1764501106038 0.06796002388000488 0
1764501106128 0.07296323776245117 0
1764501106209 0.06795144081115723 0
1764501106300 0.075775146484375 0
1764501106386 0.06981921195983887 0
1764501106473 0.06962466239929199 0
1764501106560 0.07073545455932617 0
1764501106648 0.07280445098876953 0
1764501106736 0.07133650779724121 0
1764501106821 0.0734109878540039 0
1764501106908 0.07059502601623535 0
1764501106997 0.07324767112731934 0
1764501107081 0.06870460510253906 0
1764501107168 0.07289934158325195 0
1764501107255 0.07269454002380371 0
1764501107343 0.0724174976348877 0
1764501107428 0.06769371032714844 0
1764501107512 0.0690467357635498 0
1764501107599 0.07027339935302734 0
1764501107688 0.07102799415588379 0
1764501107780 0.07685256004333496 0
1764501107865 0.06877779960632324 0
1764501107948 0.06750798225402832 0
1764501108036 0.06887078285217285 0
1764501108122 0.06770086288452148 0
1764501108212 0.07279491424560547 0
1764501108296 0.06829380989074707 0
1764501108378 0.06578540802001953 0
1764501108464 0.06775474548339844 0
1764501108553 0.07273983955383301 0
1764501108638 0.06735610961914062 0
1764501108723 0.06881403923034668 0
1764501108809 0.06989121437072754 0
1764501108893 0.06841564178466797 0
1764501108982 0.07348775863647461 0
1764501109063 0.06653380393981934 0
1764501109148 0.06642675399780273 0
1764501109236 0.06980371475219727 0
1764501109321 0.0699012279510498 0
1764501109409 0.07178497314453125 0
1764501109495 0.06916022300720215 0
1764501109582 0.07067990303039551 0
1764501109668 0.06893730163574219 0
1764501109753 0.07134342193603516 0
1764501109846 0.07678818702697754 0
1764501109932 0.07126975059509277 0
1764501110020 0.07243919372558594 0
1764501110104 0.06879043579101562 0
1764501110188 0.06967973709106445 0
1764501110270 0.06679034233093262 0
1764501110355 0.06763100624084473 0
1764501110442 0.07056117057800293 0
1764501110529 0.07060790061950684 0
1764501110614 0.06906604766845703 0
1764501110701 0.07258725166320801 0
1764501110787 0.06973147392272949 0
1764501110871 0.06759190559387207 0
1764501110955 0.06861305236816406 0
1764501111044 0.07275891304016113 0
1764501111128 0.06874370574951172 0
1764501111211 0.06728029251098633 0
1764501111295 0.06826162338256836 0
1764501111379 0.06757879257202148 0
1764501111460 0.06779646873474121 0
1764501111556 0.07851099967956543 0
1764501111638 0.06660890579223633 0
1764501111719 0.06467366218566895 0
1764501111800 0.06565451622009277 0
1764501111879 0.0653529167175293 0
1764501111962 0.06658506393432617 0
1764501112043 0.06658506393432617 0
1764501112123 0.06511878967285156 0
1764501112215 0.07540655136108398 0
1764501112299 0.06901288032531738 0
1764501112384 0.06958293914794922 0
1764501112472 0.07066988945007324 0
1764501112561 0.07322430610656738 0
1764501112643 0.06769990921020508 0
1764501112726 0.06890225410461426 0
1764501112812 0.07082152366638184 0
1764501112897 0.07065582275390625 0
1764501112982 0.07036471366882324 0
1764501113062 0.06480932235717773 0
1764501113148 0.07250308990478516 0
1764501113231 0.06891012191772461 0
1764501113321 0.07477307319641113 0
1764501113405 0.06768345832824707 0
1764501113493 0.07369685173034668 0
1764501113578 0.06975293159484863 0
1764501113666 0.07056498527526855 0
1764501113755 0.07373762130737305 0
1764501113839 0.06795239448547363 0
1764501113927 0.07234025001525879 0
1764501114011 0.06929278373718262 0
1764501114090 0.06566214561462402 0
1764501114177 0.07188868522644043 0
1764501114260 0.06778573989868164 0
1764501114350 0.0757596492767334 0
1764501114438 0.07170963287353516 0
1764501114522 0.06883525848388672 0
1764501114607 0.07062697410583496 0
1764501114689 0.06779193878173828 0
1764501114772 0.06767153739929199 0
1764501114855 0.06868720054626465 0
1764501114947 0.07792997360229492 0
1764501115033 0.07121443748474121 0
1764501115118 0.06772565841674805 0
1764501115199 0.064727783203125 0
1764501115284 0.06841588020324707 0
1764501115364 0.06509089469909668 0
1764501115446 0.06794857978820801 0
1764501115538 0.07613062858581543 0
1764501115620 0.06663322448730469 0
1764501115707 0.07189798355102539 0
1764501115792 0.07028412818908691 0
1764501115876 0.06780672073364258 0
1764501115963 0.07106304168701172 0
1764501116046 0.06768250465393066 0
1764501116129 0.06962895393371582 0
1764501116209 0.0658576488494873 0
1764501116293 0.06868720054626465 0
1764501116377 0.06871986389160156 0
1764501116457 0.06586384773254395 0
1764501116546 0.07462310791015625 0
1764501116628 0.06728720664978027 0
1764501116711 0.06862664222717285 0
1764501116798 0.07072734832763672 0
1764501116879 0.06594443321228027 0
1764501116962 0.06791162490844727 0
1764501117044 0.06785225868225098 0
1764501117125 0.0661005973815918 0
1764501117210 0.06901311874389648 0
1764501117297 0.0717763900756836 0
1764501117381 0.06868696212768555 0
1764501117465 0.06872820854187012 0
1764501117553 0.07106661796569824 0
1764501117638 0.0701594352722168 0
1764501117720 0.06839704513549805 0
1764501117802 0.06710505485534668 0
1764501117885 0.06783318519592285 0
1764501117971 0.07173347473144531 0
1764501118050 0.06366705894470215 0
1764501118129 0.0628364086151123 0
1764501118212 0.0690314769744873 0
1764501118300 0.07044219970703125 0
1764501118386 0.0700678825378418 0
1764501118468 0.06603574752807617 0
1764501118554 0.06971430778503418 0
1764501118635 0.06737256050109863 0
1764501118719 0.06795358657836914 0
1764501118809 0.07436585426330566 0
1764501118894 0.07071566581726074 0
1764501118979 0.0690462589263916 0
1764501119069 0.07476520538330078 0
1764501119154 0.06952214241027832 0
1764501119242 0.07268571853637695 0
1764501119324 0.06722521781921387 0
1764501119418 0.07620477676391602 0
1764501119506 0.07279753684997559 0
1764501119592 0.07134819030761719 0
1764501119675 0.0677175521850586 0
1764501119757 0.06764340400695801 0
1764501119838 0.06646966934204102 0
1764501119917 0.0646367073059082 0
1764501119999 0.06672382354736328 0
1764501120086 0.0687255859375 0
1764501120170 0.0696871280670166 0
1764501120252 0.06839990615844727 0
1764501120338 0.0709543228149414 0
1764501120425 0.07077336311340332 0
1764501120508 0.06870532035827637 0
1764501120592 0.06974434852600098 0
1764501120680 0.07152199745178223 0
1764501120767 0.07087302207946777 0
1764501120854 0.07176518440246582 0
1764501120935 0.06712818145751953 0
1764501121022 0.07187008857727051 0
1764501121103 0.06666421890258789 0
1764501121188 0.0708005428314209 0
1764501121275 0.0731809139251709 0
1764501121360 0.06979894638061523 0
1764501121446 0.0705864429473877 0
1764501121530 0.07177424430847168 0
1764501121620 0.07358169555664062 0
1764501121705 0.0702824592590332 0
1764501121789 0.07057714462280273 0
1764501121873 0.0680394172668457 0
1764501121958 0.07067322731018066 0
1764501122041 0.06967759132385254 0
1764501122126 0.06951355934143066 0
1764501122211 0.07056903839111328 0
1764501122305 0.08735346794128418 0
1764501122393 0.07233476638793945 0
1764501122484 0.07746529579162598 0
1764501122574 0.07550406455993652 0
1764501122663 0.0740211009979248 0
1764501122745 0.06404876708984375 0
1764501122838 0.07309699058532715 0
1764501122918 0.06472563743591309 0
1764501122999 0.06575560569763184 0
1764501123075 0.060099124908447266 0
1764501123164 0.07321929931640625 0
1764501123258 0.07694768905639648 0
1764501123346 0.07180094718933105 0
1764501123437 0.07465767860412598 0
1764501123508 0.060688018798828125 0
1764501123602 0.07859992980957031 0
1764501123689 0.07115912437438965 0
1764501123763 0.05919361114501953 0
1764501123854 0.07513785362243652 0
1764501123942 0.07221078872680664 0
1764501124031 0.07404637336730957 0
1764501124115 0.06865358352661133 0
1764501124195 0.06601476669311523 0
1764501124284 0.0722661018371582 0
1764501124367 0.06899905204772949 0
1764501124458 0.0742805004119873 0
1764501124540 0.06721639633178711 0
1764501124626 0.07161235809326172 0
1764501124715 0.07199311256408691 0
1764501124793 0.06631875038146973 0
1764501124876 0.06470680236816406 0
1764501124963 0.07142400741577148 0
1764501125045 0.06653404235839844 0
1764501125130 0.06905627250671387 0
1764501125224 0.06762051582336426 0
1764501125293 0.05319571495056152 0
1764501125378 0.06916689872741699 0
1764501125457 0.06298327445983887 0
1764501125550 0.0780038833618164 0
1764501125624 0.06741714477539062 0
1764501125715 0.07503962516784668 0
1764501125784 0.05369973182678223 0
1764501125878 0.07853412628173828 0
1764501125958 0.06398820877075195 0
1764501126038 0.0635831356048584 0
1764501126120 0.07654762268066406 0
1764501126196 0.05786633491516113 0
1764501126275 0.06303548812866211 0
1764501126363 0.07202649116516113 0
1764501126451 0.07274603843688965 0
1764501126523 0.05601644515991211 0
1764501126618 0.06450843811035156 0
1764501126699 0.060887813568115234 0
1764501126778 0.06323027610778809 0
1764501126866 0.0718393325805664 0
1764501126939 0.0572199821472168 0
1764501127030 0.06759214401245117 0
1764501127099 0.05330824851989746 0
1764501127185 0.07061076164245605 0
1764501127257 0.05674457550048828 0
1764501127352 0.07855415344238281 0
1764501127420 0.05405116081237793 0
1764501127508 0.06913304328918457 0
1764501127593 0.06880307197570801 0
1764501127663 0.054422855377197266 0
1764501127766 0.08709406852722168 0
1764501127840 0.07095766067504883 0
1764501127924 0.07537627220153809 0
1764501127997 0.050589799880981445 0
1764501128098 0.08527636528015137 0
1764501128178 0.06518959999084473 0
1764501128250 0.05605125427246094 0
1764501128341 0.07485818862915039 0
1764501128415 0.052701711654663086 0
1764501128499 0.05838489532470703 0
1764501128578 0.06283330917358398 0
1764501128674 0.08045315742492676 0
1764501128760 0.06908750534057617 0
1764501128842 0.07892560958862305 0
1764501128912 0.056411027908325195 0
1764501128996 0.06898689270019531 0
1764501129088 0.07596373558044434 0
1764501129169 0.06569170951843262 0
1764501129251 0.06487035751342773 0
1764501129323 0.05618715286254883 0
1764501129408 0.05502581596374512 0
1764501129481 0.05702996253967285 0
1764501129573 0.07659554481506348 0
1764501129651 0.062274932861328125 0
1764501129746 0.07979655265808105 0
1764501129815 0.05280733108520508 0
1764501129899 0.05646085739135742 0
1764501129990 0.07538533210754395 0
1764501130062 0.056842803955078125 0
1764501130157 0.07879471778869629 0
1764501130226 0.05131030082702637 0
1764501130310 0.06721258163452148 0
1764501130405 0.07880020141601562 0
1764501130481 0.05966949462890625 0
1764501130563 0.0661323070526123 0
1764501130645 0.0663309097290039 0
1764501130718 0.05778193473815918 0
1764501130805 0.06140398979187012 0
1764501130891 0.07982707023620605 0
1764501130972 0.06535673141479492 0
1764501131051 0.06319046020507812 0
1764501131123 0.05664205551147461 0
1764501131208 0.05407452583312988 0
1764501131293 0.06940603256225586 0
1764501131368 0.05972433090209961 0
1764501131460 0.07553696632385254 0
1764501131549 0.07324647903442383 0
1764501131621 0.05910682678222656 0
1764501131698 0.061280250549316406 0
1764501131784 0.054532766342163086 0
1764501131863 0.06275105476379395 0
1764501131956 0.0773017406463623 0
1764501132026 0.07025551795959473 0
1764501132105 0.06097865104675293 0
1764501132199 0.07837915420532227 0
1764501132269 0.05472064018249512 0
1764501132362 0.07743024826049805 0
1764501132445 0.0665438175201416 0
1764501132516 0.06817197799682617 0
1764501132602 0.06997799873352051 0
1764501132687 0.06917262077331543 0
1764501132778 0.07540297508239746 0
1764501132866 0.07258796691894531 0
1764501132945 0.06383252143859863 0
1764501133027 0.06050825119018555 0
1764501133098 0.05258965492248535 0
1764501133186 0.07228517532348633 0
1764501133269 0.06680750846862793 0
1764501133362 0.07725715637207031 0
1764501133433 0.053787946701049805 0
1764501133512 0.06393718719482422 0
1764501133596 0.06834650039672852 0
1764501133683 0.07194113731384277 0
1764501133762 0.0629277229309082 0
1764501133847 0.06902575492858887 0
1764501133930 0.06894826889038086 0
1764501134009 0.05911660194396973 0
1764501134093 0.0684349536895752 0
1764501134178 0.06918573379516602 0
1764501134251 0.05731511116027832 0
1764501134335 0.06871294975280762 0
1764501134413 0.05240058898925781 0
1764501134498 0.06964659690856934 0
1764501134593 0.0785360336303711 0
1764501134669 0.059487104415893555 0
1764501134756 0.07164502143859863 0
1764501134836 0.07392120361328125 0
1764501134910 0.05812430381774902 0
1764501134996 0.07059240341186523 0
1764501135080 0.06841325759887695 0
1764501135169 0.07253623008728027 0
1764501135247 0.06352066993713379 0
1764501135335 0.07479524612426758 0
1764501135416 0.06044912338256836 0
1764501135508 0.07667875289916992 0
1764501135584 0.05955624580383301 0
1764501135663 0.06411886215209961 0
1764501135756 0.07687091827392578 0
1764501135833 0.061174631118774414 0
1764501135926 0.07740306854248047 0
1764501135996 0.05418801307678223 0
1764501136080 0.06899762153625488 0
1764501136162 0.06582474708557129 0
1764501136253 0.07577800750732422 0
1764501136329 0.05988359451293945 0
1764501136423 0.06563067436218262 0
1764501136499 0.06064462661743164 0
1764501136584 0.06945276260375977 0
1764501136669 0.06918215751647949 0
1764501136757 0.07219934463500977 0
1764501136842 0.06767034530639648 0
1764501136938 0.08078551292419434 0
1764501137014 0.05743098258972168 0
1764501137107 0.07810664176940918 0
1764501137193 0.06980323791503906 0
1764501137261 0.052971839904785156 0
1764501137358 0.08084368705749512 0
1764501137432 0.06413912773132324 0
1764501137511 0.061730384826660156 0
1764501137590 0.06303572654724121 0
1764501137675 0.06954455375671387 0
1764501137772 0.08182883262634277 0
1764501137850 0.07029461860656738 0
1764501137938 0.07163691520690918 0
1764501138008 0.05806541442871094 0
1764501138108 0.08507871627807617 0
1764501138196 0.07153463363647461 0
1764501138275 0.06392788887023926 0
1764501138362 0.0713348388671875 0
1764501138450 0.07259488105773926 0
1764501138539 0.079254150390625 0
1764501138607 0.0513455867767334 0
1764501138692 0.05366158485412598 0
1764501138784 0.07665061950683594 0
1764501138872 0.07234311103820801 0
1764501138963 0.07508444786071777 0
1764501139032 0.06414556503295898 0
1764501139117 0.06599092483520508 0
1764501139202 0.06881046295166016 0
1764501139284 0.06680750846862793 0
1764501139362 0.06225752830505371 0
1764501139452 0.07438826560974121 0
1764501139529 0.06880831718444824 0
1764501139609 0.053762197494506836 0
1764501139692 0.06878972053527832 0
1764501139777 0.06926846504211426 0
1764501139871 0.07799601554870605 0
1764501139962 0.07532930374145508 0
1764501140041 0.06354618072509766 0
1764501140123 0.06619668006896973 0
1764501140217 0.06581854820251465 0
1764501140293 0.05991959571838379 0
1764501140377 0.06858444213867188 0
1764501140457 0.06396031379699707 0
1764501140551 0.07892084121704102 0
1764501140635 0.07907938957214355 0
1764501140711 0.05784916877746582 0
1764501140796 0.05390048027038574 0
1764501140880 0.06907868385314941 0
1764501140968 0.07178688049316406 0
1764501141053 0.07002425193786621 0
1764501141135 0.07481646537780762 0
1764501141214 0.06046557426452637 0
1764501141286 0.05700397491455078 0
1764501141368 0.06570982933044434 0
1764501141454 0.07045745849609375 0
1764501141547 0.08070015907287598 0
1764501141626 0.064422607421875 0
1764501141713 0.07178211212158203 0
1764501141784 0.05468249320983887 0
1764501141869 0.07005834579467773 0
1764501141955 0.07151508331298828 0
1764501142035 0.06765341758728027 0
1764501142117 0.061548471450805664 0
1764501142196 0.0636436939239502 0
1764501142275 0.06316518783569336 0
1764501142364 0.07411360740661621 0
1764501142448 0.07390069961547852 0
1764501142517 0.05324673652648926 0
1764501142607 0.07487130165100098 0
1764501142696 0.07322502136230469 0
1764501142772 0.059747934341430664 0
1764501142856 0.06868982315063477 0
1764501142945 0.08013105392456055 0
1764501143013 0.054723262786865234 0
1764501143107 0.07806181907653809 0
1764501143190 0.06687235832214355 0
1764501143275 0.06933331489562988 0
1764501143362 0.07169866561889648 0
1764501143456 0.07810020446777344 0
1764501143528 0.06832599639892578 0
1764501143610 0.05663037300109863 0
1764501143686 0.06118035316467285 0
1764501143768 0.06633853912353516 0
1764501143866 0.0667119026184082 0
1764501143952 0.07073640823364258 0
1764501144019 0.06200098991394043 0
1764501144104 0.07011866569519043 0
1764501144189 0.06910085678100586 0
1764501144268 0.06339812278747559 0
1764501144363 0.07947897911071777 0
1764501144431 0.06318831443786621 0
1764501144510 0.05292963981628418 0
1764501144602 0.07630181312561035 0
1764501144690 0.0729067325592041 0
1764501144762 0.05621004104614258 0
1764501144844 0.06643509864807129 0
1764501144937 0.07606983184814453 0
1764501145023 0.0702199935913086 0
1764501145104 0.0657339096069336 0
1764501145196 0.07568812370300293 0
1764501145275 0.06412291526794434 0
1764501145367 0.0768897533416748 0
1764501145446 0.07307147979736328 0
1764501145523 0.0650184154510498 0
1764501145594 0.050353050231933594 0
1764501145680 0.07030773162841797 0
1764501145767 0.0714719295501709 0
1764501145857 0.07443094253540039 0
1764501145934 0.061458587646484375 0
1764501146015 0.05333900451660156 0
1764501146104 0.07462239265441895 0
1764501146184 0.06380200386047363 0
1764501146261 0.06185770034790039 0
1764501146353 0.07642650604248047 0
1764501146436 0.077880859375 0
1764501146511 0.05882382392883301 0
1764501146590 0.06413483619689941 0
1764501146681 0.07598185539245605 0
1764501146771 0.07453083992004395 0
1764501146843 0.06934952735900879 0
1764501146929 0.07076168060302734 0
1764501147023 0.06667828559875488 0
1764501147108 0.0693659782409668 0
1764501147177 0.05332779884338379 0
1764501147268 0.07594799995422363 0
1764501147351 0.06739377975463867 0
1764501147418 0.05124092102050781 0
1764501147510 0.0763998031616211 0
1764501147595 0.06905746459960938 0
1764501147686 0.07522392272949219 0
1764501147771 0.06925749778747559 0
1764501147843 0.05605506896972656 0
1764501147928 0.06825017929077148 0
1764501148022 0.06628108024597168 0
1764501148107 0.06900453567504883 0
1764501148183 0.06041383743286133 0
1764501148262 0.06358814239501953 0
1764501148362 0.06874513626098633 0
1764501148431 0.06443071365356445 0
1764501148516 0.05551004409790039 0
1764501148595 0.06329703330993652 0
1764501148681 0.05438733100891113 0
1764501148762 0.06533169746398926 0
1764501148844 0.06725764274597168 0
1764501148929 0.06855130195617676 0
1764501149016 0.06693148612976074 0
1764501149086 0.05348992347717285 0
1764501149183 0.08142971992492676 0
1764501149268 0.06981110572814941 0
1764501149361 0.07706713676452637 0
1764501149431 0.05825400352478027 0
1764501149510 0.06297659873962402 0
1764501149594 0.06603050231933594 0
1764501149680 0.07009673118591309 0
1764501149761 0.06586480140686035 0
1764501149845 0.06756067276000977 0
1764501149928 0.06702876091003418 0
1764501150007 0.05329084396362305 0
1764501150092 0.06915903091430664 0
1764501150184 0.07696008682250977 0
1764501150261 0.06139183044433594 0
1764501150353 0.08143949508666992 0
1764501150435 0.07304239273071289 0
1764501150503 0.05285358428955078 0
1764501150589 0.06903243064880371 0
1764501150668 0.06338167190551758 0
1764501150775 0.09162116050720215 0
1764501150858 0.07904815673828125 0
1764501150935 0.06014418601989746 0
1764501151014 0.05695366859436035 0
1764501151098 0.06825017929077148 0
1764501151183 0.06955790519714355 0
1764501151262 0.06369543075561523 0
1764501151353 0.08132100105285645 0
1764501151435 0.07178497314453125 0
1764501151519 0.08413577079772949 0
1764501151605 0.0702369213104248 0
1764501151680 0.060071468353271484 0
1764501151768 0.07179856300354004 0
1764501151851 0.06721878051757812 0
1764501151934 0.0668332576751709 0
1764501152013 0.06105995178222656 0
1764501152092 0.06342220306396484 0
1764501152183 0.07560944557189941 0
1764501152263 0.06390047073364258 0
1764501152356 0.07807493209838867 0
1764501152431 0.0580136775970459 0
1764501152517 0.07069659233093262 0
1764501152589 0.05599546432495117 0
1764501152689 0.06855106353759766 0
1764501152768 0.06349301338195801 0
1764501152850 0.06702089309692383 0
1764501152945 0.0794074535369873 0
1764501153019 0.05966997146606445 0
1764501153092 0.05753898620605469 0
1764501153183 0.0755307674407959 0
1764501153264 0.0650336742401123 0
1764501153351 0.07368946075439453 0
1764501153419 0.05242300033569336 0
1764501153505 0.05440998077392578 0
1764501153588 0.0683281421661377 0
1764501153677 0.0731198787689209 0
1764501153767 0.0739588737487793 0
1764501153837 0.06422710418701172 0
1764501153931 0.07803726196289062 0
1764501154013 0.058092355728149414 0
1764501154098 0.06928849220275879 0
1764501154183 0.06965351104736328 0
1764501154271 0.07243180274963379 0
1764501154361 0.07418656349182129 0
1764501154431 0.06350350379943848 0
1764501154517 0.07014656066894531 0
1764501154616 0.08387875556945801 0
1764501154701 0.06920289993286133 0
1764501154768 0.051837921142578125 0
1764501154849 0.06482267379760742 0
1764501154952 0.08650684356689453 0
1764501155035 0.06967520713806152 0
1764501155104 0.05353188514709473 0
1764501155195 0.07504987716674805 0
1764501155266 0.05616021156311035 0
1764501155367 0.08518600463867188 0
1764501155437 0.05388188362121582 0
1764501155523 0.05680370330810547 0
1764501155602 0.054138898849487305 0
1764501155701 0.08367037773132324 0
1764501155784 0.06719207763671875 0
1764501155871 0.07177901268005371 0
1764501155958 0.07090401649475098 0
1764501156025 0.05825328826904297 0
1764501156110 0.06937718391418457 0
1764501156204 0.07864856719970703 0
1764501156286 0.06633615493774414 0
1764501156377 0.07507538795471191 0
1764501156467 0.07447075843811035 0
1764501156552 0.0802154541015625 0
1764501156619 0.05167579650878906 0
1764501156712 0.0780942440032959 0
1764501156789 0.061048030853271484 0
1764501156877 0.07249283790588379 0
1764501156971 0.07828903198242188 0
1764501157043 0.07033109664916992 0
1764501157134 0.05912613868713379 0
1764501157213 0.052181243896484375 0
1764501157306 0.07804036140441895 0
1764501157389 0.06697583198547363 0
1764501157473 0.06870698928833008 0
1764501157561 0.07210588455200195 0
1764501157631 0.054404258728027344 0
1764501157731 0.06852483749389648 0
1764501157806 0.05481457710266113 0
1764501157902 0.07991909980773926 0
1764501157983 0.06522536277770996 0
1764501158068 0.06984877586364746 0
1764501158159 0.076171875 0
1764501158231 0.06241154670715332 0
1764501158330 0.08311891555786133 0
1764501158401 0.05463671684265137 0
1764501158495 0.07828688621520996 0
1764501158573 0.06310844421386719 0
1764501158656 0.06670045852661133 0
1764501158734 0.0612032413482666 0
1764501158813 0.05334281921386719 0
1764501158892 0.06333780288696289 0
1764501158983 0.07521915435791016 0
1764501159073 0.07472062110900879 0
1764501159160 0.0716545581817627 0
1764501159231 0.05544543266296387 0
1764501159316 0.0691671371459961 0
1764501159394 0.06297779083251953 0
1764501159473 0.06353354454040527 0
1764501159572 0.08292031288146973 0
1764501159652 0.07362532615661621 0
1764501159736 0.06919550895690918 0
1764501159800 0.06317567825317383 0
1764501159895 0.07989072799682617 0
1764501159971 0.06067633628845215 0
1764501160061 0.07514119148254395 0
1764501160153 0.07542061805725098 0
1764501160225 0.06427955627441406 0
1764501160326 0.0849771499633789 0
1764501160394 0.052123069763183594 0
1764501160479 0.06900405883789062 0
1764501160572 0.07708311080932617 0
1764501160656 0.07230377197265625 0
1764501160728 0.05571389198303223 0
1764501160813 0.05849337577819824 0
1764501160897 0.0692296028137207 0
1764501160986 0.07258844375610352 0
1764501161073 0.07021450996398926 0
1764501161156 0.07912063598632812 0
1764501161224 0.05286836624145508 0
1764501161316 0.07543349266052246 0
1764501161401 0.06932616233825684 0
1764501161483 0.0665745735168457 0
1764501161574 0.07512545585632324 0
1764501161649 0.06622672080993652 0
1764501161728 0.05472540855407715 0
1764501161819 0.058279991149902344 0
1764501161892 0.057602643966674805 0
1764501161983 0.07513141632080078 0
1764501162074 0.0754094123840332 0
1764501162167 0.07715249061584473 0
1764501162237 0.0579378604888916 0
1764501162322 0.0699317455291748 0
1764501162406 0.05720019340515137 0
1764501162492 0.0695958137512207 0
1764501162583 0.07592654228210449 0
1764501162661 0.06256937980651855 0
1764501162743 0.06612467765808105 0
1764501162822 0.06394338607788086 0
1764501162903 0.06587576866149902 0
1764501162988 0.06963300704956055 0
1764501163079 0.07489252090454102 0
1764501163169 0.07491230964660645 0
1764501163253 0.07776474952697754 0
1764501163327 0.05891585350036621 0
1764501163413 0.05844593048095703 0
1764501163491 0.06302666664123535 0
1764501163583 0.06640791893005371 0
1764501163677 0.0778646469116211 0
1764501163761 0.08455395698547363 0
1764501163837 0.060843467712402344 0
1764501163931 0.07856202125549316 0
1764501164007 0.060370683670043945 0
1764501164101 0.0788428783416748 0
1764501164176 0.07502031326293945 0
1764501164261 0.0687713623046875 0
1764501164353 0.07692313194274902 0
1764501164425 0.05447697639465332 0
1764501164510 0.06927967071533203 0
1764501164588 0.06274533271789551 0
1764501164676 0.07264280319213867 0
1764501164769 0.08055448532104492 0
1764501164857 0.08096122741699219 0
1764501164934 0.06072998046875 0
1764501165020 0.058892011642456055 0
1764501165104 0.0694589614868164 0
1764501165203 0.08389425277709961 0
1764501165277 0.0582737922668457 0
1764501165377 0.08504295349121094 0
1764501165456 0.07388067245483398 0
1764501165527 0.05698227882385254 0
1764501165618 0.062117576599121094 0
1764501165698 0.06386709213256836 0
1764501165791 0.07800459861755371 0
1764501165877 0.06971096992492676 0
1764501165961 0.06953716278076172 0
1764501166045 0.06806635856628418 0
1764501166129 0.0684804916381836 0
1764501166206 0.05426383018493652 0
1764501166298 0.07473468780517578 0
1764501166382 0.06890511512756348 0
1764501166469 0.07166767120361328 0
1764501166559 0.07366561889648438 0
1764501166646 0.07981634140014648 0
1764501166727 0.06326961517333984 0
1764501166821 0.06689286231994629 0
1764501166898 0.06112265586853027 0
1764501166988 0.07535648345947266 0
1764501167079 0.07449674606323242 0
1764501167166 0.07679605484008789 0
1764501167251 0.0690617561340332 0
1764501167333 0.06651067733764648 0
1764501167428 0.07010102272033691 0
1764501167503 0.05974698066711426 0
1764501167597 0.07825160026550293 0
1764501167679 0.06643295288085938 0
1764501167766 0.06226515769958496 0
1764501167849 0.06660127639770508 0
1764501167950 0.06933164596557617 0
1764501168018 0.05168032646179199 0
1764501168102 0.06847095489501953 0
1764501168204 0.08595967292785645 0
1764501168288 0.06856298446655273 0
1764501168380 0.07671737670898438 0
1764501168463 0.07160115242004395 0
1764501168534 0.05462145805358887 0
1764501168619 0.055776119232177734 0
1764501168713 0.07867670059204102 0
1764501168788 0.05959630012512207 0
1764501168881 0.07738542556762695 0
1764501168970 0.08144426345825195 0
1764501169043 0.061286211013793945 0
1764501169136 0.07757353782653809 0
1764501169212 0.05478501319885254 0
1764501169304 0.07594132423400879 0
1764501169382 0.06250691413879395 0
1764501169455 0.05701112747192383 0
1764501169552 0.07010650634765625 0
1764501169624 0.07031846046447754 0
1764501169705 0.06539320945739746 0
1764501169782 0.06068062782287598 0
1764501169867 0.06807470321655273 0
1764501169959 0.07623839378356934 0
1764501170030 0.07076191902160645 0
1764501170116 0.06988191604614258 0
1764501170194 0.06299090385437012 0
1764501170283 0.0734553337097168 0
1764501170366 0.06905341148376465 0
1764501170451 0.06820440292358398 0
1764501170536 0.06906843185424805 0
1764501170618 0.06441211700439453 0
1764501170704 0.07052254676818848 0
1764501170789 0.06966185569763184 0
1764501170872 0.0678865909576416 0
1764501170961 0.07207369804382324 0
1764501171042 0.07033920288085938 0
1764501171127 0.06924557685852051 0
1764501171212 0.05734872817993164 0
1764501171304 0.07602071762084961 0
1764501171385 0.06517219543457031 0
1764501171466 0.06843233108520508 0
1764501171560 0.0750129222869873 0
1764501171636 0.07022833824157715 0
1764501171721 0.06928062438964844 0
1764501171810 0.07225441932678223 0
1764501171885 0.060253143310546875 0
1764501171966 0.06534528732299805 0
1764501172057 0.07147359848022461 0
1764501172133 0.06021595001220703 0
1764501172227 0.06600093841552734 0
1764501172303 0.06125330924987793 0
1764501172386 0.06729388236999512 0
1764501172473 0.07492876052856445 0
1764501172564 0.07506418228149414 0
1764501172636 0.0638585090637207 0
1764501172716 0.06400227546691895 0
1764501172806 0.07422733306884766 0
1764501172887 0.06505179405212402 0
1764501172966 0.07080793380737305 0
1764501173055 0.06839418411254883 0
1764501173154 0.08362364768981934 0
1764501173239 0.07341170310974121 0
1764501173325 0.07009649276733398 0
1764501173406 0.06329011917114258 0
1764501173491 0.0688478946685791 0
1764501173566 0.05945277214050293 0
1764501173660 0.06251001358032227 0
1764501173749 0.0731961727142334 0
1764501173818 0.052373647689819336 0
1764501173899 0.06574106216430664 0
1764501173988 0.07265686988830566 0
1764501174066 0.06286191940307617 0
1764501174159 0.0711524486541748 0
1764501174236 0.057839155197143555 0
1764501174321 0.06893014907836914 0
1764501174406 0.0690464973449707 0
1764501174497 0.0751497745513916 0
1764501174582 0.06903934478759766 0
1764501174660 0.06230783462524414 0
1764501174749 0.0733788013458252 0
1764501174826 0.061057090759277344 0
1764501174918 0.07718634605407715 0
1764501174994 0.05955171585083008 0
1764501175094 0.08486437797546387 0
1764501175175 0.06563496589660645 0
1764501175260 0.06837987899780273 0
1764501175362 0.07197999954223633 0
1764501175445 0.07979989051818848 0
1764501175530 0.06912112236022949 0
1764501175605 0.05784440040588379 0
1764501175696 0.059060096740722656 0
1764501175790 0.07869553565979004 0
1764501175875 0.07676219940185547 0
1764501175972 0.08124685287475586 0
1764501176057 0.07904458045959473 0
1764501176127 0.054224252700805664 0
1764501176218 0.06162452697753906 0
1764501176297 0.06334185600280762 0
1764501176391 0.07882833480834961 0
1764501176466 0.06878066062927246 0
1764501176561 0.06954336166381836 0
1764501176645 0.0669565200805664 0
1764501176733 0.07286548614501953 0
1764501176812 0.06078076362609863 0
1764501176893 0.06488871574401855 0
1764501176982 0.07552433013916016 0
1764501177054 0.05607724189758301 0
1764501177156 0.0714118480682373 0
1764501177230 0.07005786895751953 0
1764501177323 0.07810521125793457 0
1764501177409 0.07014870643615723 0
1764501177492 0.06718111038208008 0
1764501177611 0.11115813255310059 0
1764501177705 0.07522201538085938 0
1764501177810 0.07788348197937012 0
1764501177901 0.07575678825378418 0
1764501177988 0.0707244873046875 0
1764501178075 0.07151293754577637 0
1764501178166 0.07428169250488281 0
1764501178236 0.058800458908081055 0
1764501178328 0.07566070556640625 0
1764501178406 0.05392265319824219 0
1764501178496 0.0744781494140625 0
1764501178582 0.07051563262939453 0
1764501178670 0.07282423973083496 0
1764501178759 0.0743417739868164 0
1764501178836 0.0581820011138916 0
1764501178921 0.06967329978942871 0
1764501179006 0.0692441463470459 0
1764501179094 0.0725092887878418 0
1764501179181 0.06245994567871094 0
1764501179266 0.06879782676696777 0
1764501179369 0.08788037300109863 0
1764501179448 0.07593798637390137 0
1764501179529 0.06406283378601074 0
1764501179627 0.06913137435913086 0
1764501179711 0.06807899475097656 0
1764501179800 0.07298088073730469 0
1764501179878 0.06253552436828613 0
1764501179966 0.07158613204956055 0
1764501180048 0.06650376319885254 0
1764501180145 0.08176445960998535 0
1764501180218 0.05496978759765625 0
1764501180310 0.07618355751037598 0
1764501180394 0.06994891166687012 0
1764501180472 0.0687723159790039 0
1764501180572 0.06902956962585449 0
1764501180641 0.06363177299499512 0
1764501180735 0.07826638221740723 0
1764501180812 0.05956220626831055 0
1764501180904 0.07623124122619629 0
1764501180995 0.07555270195007324 0
1764501181072 0.06818342208862305 0
1764501181166 0.0713968276977539 0
1764501181243 0.07152342796325684 0
1764501181337 0.07900071144104004 0
1764501181420 0.06520271301269531 0
1764501181497 0.06091642379760742 0
1764501181581 0.06789994239807129 0
1764501181661 0.0637519359588623 0
1764501181753 0.07556962966918945 0
1764501181836 0.06705355644226074 0
1764501181921 0.06945443153381348 0
1764501182005 0.06925821304321289 0
1764501182096 0.07488393783569336 0
1764501182171 0.06519889831542969 0
1764501182259 0.05605435371398926 0
1764501182356 0.06593012809753418 0
1764501182439 0.07016134262084961 0
1764501182524 0.08542895317077637 0
1764501182606 0.06360673904418945 0
1764501182697 0.07543516159057617 0
1764501182775 0.06884312629699707 0
1764501182855 0.05821371078491211 0
1764501182949 0.07957077026367188 0
1764501183033 0.07327055931091309 0
1764501183101 0.05267190933227539 0
1764501183204 0.07106256484985352 0
1764501183278 0.058664560317993164 0
1764501183365 0.06871700286865234 0
1764501183448 0.0667266845703125 0
1764501183527 0.06351041793823242 0
1764501183620 0.06694149971008301 0
1764501183697 0.06148552894592285 0
1764501183781 0.06870722770690918 0
1764501183866 0.06908655166625977 0
1764501183959 0.07736682891845703 0
1764501184050 0.07619071006774902 0
1764501184136 0.06996440887451172 0
1764501184218 0.0662844181060791 0
1764501184302 0.06881332397460938 0
1764501184380 0.06207585334777832 0
1764501184474 0.07679295539855957 0
1764501184559 0.06891679763793945 0
1764501184651 0.0760812759399414 0
1764501184733 0.06678056716918945 0
1764501184826 0.06581640243530273 0
1764501184902 0.0608370304107666 0
1764501184998 0.08046698570251465 0
1764501185082 0.07265329360961914 0
1764501185165 0.06767082214355469 0
1764501185251 0.07078266143798828 0
1764501185326 0.059915781021118164 0
1764501185426 0.06935238838195801 0
1764501185499 0.05745697021484375 0
1764501185587 0.05777788162231445 0
1764501185665 0.06249690055847168 0
1764501185759 0.07815361022949219 0
1764501185835 0.0603022575378418 0
1764501185935 0.06906414031982422 0
1764501186021 0.0677342414855957 0
1764501186100 0.06337285041809082 0
1764501186182 0.07063937187194824 0
1764501186272 0.0713951587677002 0
1764501186365 0.07749795913696289 0
1764501186436 0.059027671813964844 0
1764501186521 0.06895947456359863 0
1764501186606 0.05957341194152832 0
1764501186684 0.061658382415771484 0
1764501186783 0.08242273330688477 0
1764501186860 0.07315516471862793 0
1764501186955 0.07927870750427246 0
1764501187022 0.05756235122680664 0
1764501187125 0.08690166473388672 0
1764501187215 0.07309460639953613 0
1764501187283 0.052794456481933594 0
1764501187372 0.0698995590209961 0
1764501187459 0.07224369049072266 0
1764501187555 0.07976317405700684 0
1764501187629 0.05847954750061035 0
1764501187721 0.07519650459289551 0
1764501187802 0.06573247909545898 0
1764501187884 0.07461023330688477 0
1764501187965 0.06315445899963379 0
1764501188050 0.06885433197021484 0
1764501188126 0.060767173767089844 0
1764501188205 0.05240225791931152 0
1764501188305 0.08425378799438477 0
1764501188380 0.059766292572021484 0
1764501188465 0.062189340591430664 0
1764501188559 0.07774591445922852 0
1764501188641 0.06667399406433105 0
1764501188727 0.07028603553771973 0
1764501188811 0.05677652359008789 0
1764501188904 0.07675933837890625 0
1764501188980 0.06893324851989746 0
1764501189075 0.0716557502746582 0
1764501189164 0.07298779487609863 0
1764501189241 0.0703744888305664 0
1764501189320 0.0634469985961914 0
1764501189405 0.06901144981384277 0
1764501189498 0.0757136344909668 0
1764501189574 0.059983015060424805 0
1764501189652 0.062372446060180664 0
1764501189754 0.08556771278381348 0
1764501189824 0.05916309356689453 0
1764501189908 0.06861305236816406 0
1764501189993 0.0688786506652832 0
1764501190087 0.07837414741516113 0
1764501190165 0.06053304672241211 0
1764501190254 0.07358288764953613 0
1764501190349 0.07964897155761719 0
1764501190424 0.059075117111206055 0
1764501190517 0.07701468467712402 0
1764501190605 0.07249331474304199 0
1764501190693 0.06951689720153809 0
1764501190772 0.062323570251464844 0
1764501190853 0.06593179702758789 0
1764501190932 0.06284761428833008 0
1764501191017 0.05213499069213867 0
1764501191106 0.07314610481262207 0
1764501191180 0.0690603256225586 0
1764501191281 0.0754554271697998 0
1764501191365 0.05967855453491211 0
1764501191449 0.06793761253356934 0
1764501191536 0.07185077667236328 0
1764501191633 0.0725095272064209 0
1764501191716 0.06597614288330078 0
1764501191806 0.07423639297485352 0
1764501191879 0.06458878517150879 0
1764501191975 0.06801319122314453 0
1764501192059 0.06911253929138184 0
1764501192149 0.07391357421875 0
1764501192229 0.06483149528503418 0
1764501192323 0.07855677604675293 0
1764501192408 0.06658601760864258 0
1764501192483 0.05995678901672363 0
1764501192571 0.06409192085266113 0
1764501192662 0.07108497619628906 0
1764501192751 0.07372260093688965 0
1764501192838 0.06899333000183105 0
1764501192923 0.06963062286376953 0
1764501192992 0.06946778297424316 0
1764501193086 0.07765316963195801 0
1764501193165 0.06362676620483398 0
1764501193257 0.07595086097717285 0
1764501193332 0.05944323539733887 0
1764501193417 0.05774283409118652 0
1764501193508 0.07552838325500488 0
1764501193596 0.07254385948181152 0
1764501193680 0.06793546676635742 0
1764501193765 0.06981611251831055 0
1764501193835 0.055203914642333984 0
1764501193914 0.06335306167602539 0
1764501194009 0.06389403343200684 0
1764501194083 0.062300920486450195 0
1764501194165 0.055822134017944336 0
1764501194259 0.06290912628173828 0
1764501194354 0.07960653305053711 0
1764501194431 0.06610751152038574 0
1764501194514 0.0677347183227539 0
1764501194610 0.07989621162414551 0
1764501194689 0.058672428131103516 0
1764501194785 0.07548308372497559 0
1764501194865 0.06392407417297363 0
1764501194961 0.08096122741699219 0
1764501195035 0.06418156623840332 0
1764501195126 0.0749351978302002 0
1764501195214 0.061930179595947266 0
1764501195290 0.059877634048461914 0
1764501195386 0.0755164623260498 0
1764501195465 0.06299376487731934 0
1764501195554 0.07351326942443848 0
1764501195639 0.06826639175415039 0
1764501195723 0.06813406944274902 0
1764501195792 0.06965374946594238 0
1764501195887 0.0760643482208252 0
1764501195964 0.061393022537231445 0
1764501196062 0.08152651786804199 0
1764501196158 0.0811777114868164 0
1764501196244 0.08003425598144531 0
1764501196348 0.08806037902832031 0
1764501196438 0.07984399795532227 0
1764501196526 0.07208657264709473 0
1764501196632 0.07567358016967773 0
1764501196729 0.08180618286132812 0
1764501196820 0.07190465927124023 0
1764501196914 0.07797479629516602 0
1764501197014 0.08726787567138672 0
1764501197105 0.08071231842041016 0
1764501197202 0.08099246025085449 0
1764501197287 0.06939983367919922 0
1764501197396 0.07687497138977051 0
1764501197487 0.07537341117858887 0
1764501197581 0.07838940620422363 0
1764501197662 0.06525945663452148 0
1764501197770 0.07712006568908691 0
1764501197862 0.08568978309631348 0
1764501197964 0.08676934242248535 0
1764501198047 0.06702041625976562 0
1764501198155 0.09211945533752441 0
1764501198245 0.08021402359008789 0
1764501198326 0.0662691593170166 0
1764501198425 0.06939029693603516 0
1764501198523 0.06627869606018066 0
1764501198626 0.07840609550476074 0
1764501198715 0.07327747344970703 0
1764501198808 0.08095574378967285 0
1764501198889 0.06532859802246094 0
1764501198996 0.07525992393493652 0
1764501199086 0.07013463973999023 0
1764501199186 0.08468985557556152 0
1764501199281 0.07901453971862793 0
1764501199381 0.08520984649658203 0
1764501199467 0.06943297386169434 0
1764501199569 0.08640813827514648 0
1764501199656 0.06999635696411133 0
1764501199761 0.08919882774353027 0
1764501199851 0.0805976390838623 0
1764501199952 0.08548378944396973 0
1764501200044 0.08601236343383789 0
1764501200132 0.07209587097167969 0
1764501200233 0.07051897048950195 0
1764501200330 0.0811316967010498 0
1764501200426 0.0735011100769043 0
1764501200529 0.08682584762573242 0
1764501200621 0.06990528106689453 0
1764501200724 0.08737611770629883 0
1764501200817 0.0709834098815918 0
1764501200923 0.07708621025085449 0
1764501201017 0.07342934608459473 0
1764501201111 0.08172225952148438 0
1764501201201 0.0741581916809082 0
1764501201291 0.07405376434326172 0
1764501201389 0.07158184051513672 0
1764501201474 0.0692141056060791 0
1764501201570 0.08034658432006836 0
1764501201668 0.07949352264404297 0
1764501201758 0.07378268241882324 0
1764501201863 0.08893060684204102 0
1764501201962 0.08230018615722656 0
1764501202056 0.07650446891784668 0
1764501202147 0.07546424865722656 0
1764501202223 0.06474637985229492 0
1764501202318 0.06435585021972656 0
1764501202420 0.07375168800354004 0
1764501202504 0.06855607032775879 0
1764501202604 0.06784272193908691 0
1764501202711 0.07495903968811035 0
1764501202802 0.0755007266998291 0
1764501202899 0.07947111129760742 0
1764501202995 0.07571554183959961 0
1764501203101 0.08137631416320801 0
1764501203196 0.07657957077026367 0
1764501203291 0.07163739204406738 0
1764501203402 0.0824730396270752 0
1764501203508 0.08818197250366211 0
1764501203600 0.07622766494750977 0
1764501203705 0.0845022201538086 0
1764501203802 0.08189797401428223 0
1764501203898 0.0771493911743164 0
1764501204001 0.08074021339416504 0
1764501204098 0.07764673233032227 0
1764501204201 0.08735871315002441 0
1764501204298 0.07694077491760254 0
1764501204401 0.08007454872131348 0
1764501204505 0.08293581008911133 0
1764501204601 0.07963943481445312 0
1764501204708 0.08562922477722168 0
1764501204794 0.0708308219909668 0
1764501204899 0.07280802726745605 0
1764501205000 0.0783700942993164 0
1764501205114 0.09160256385803223 0
1764501205222 0.09244585037231445 0
1764501205317 0.07685637474060059 0
1764501205413 0.07980871200561523 0
1764501205523 0.09429693222045898 0
1764501205623 0.08003926277160645 0
1764501205723 0.07826972007751465 0
1764501205829 0.08125543594360352 0
1764501205932 0.0873558521270752 0
1764501206027 0.07310676574707031 0
1764501206135 0.07712292671203613 0
1764501206227 0.07361960411071777 0
1764501206336 0.07712507247924805 0
1764501206425 0.06739354133605957 0
1764501206529 0.07229828834533691 0
1764501206635 0.08203601837158203 0
1764501206730 0.07953596115112305 0
1764501206832 0.07620429992675781 0
1764501206928 0.07923650741577148 0
1764501207025 0.07891392707824707 0
1764501207129 0.07222652435302734 0
1764501207225 0.06985855102539062 0
1764501207329 0.08788609504699707 0
1764501207426 0.07377123832702637 0
1764501207531 0.09014725685119629 0
1764501207626 0.07698488235473633 0
1764501207726 0.0845637321472168 0
1764501207832 0.07427287101745605 0
1764501207935 0.0872499942779541 0
1764501208026 0.06977987289428711 0
1764501208126 0.08394455909729004 0
1764501208226 0.07868742942810059 0
1764501208322 0.08553481101989746 0
1764501208406 0.06821799278259277 0
1764501208526 0.0883631706237793 0
1764501208627 0.08030009269714355 0
1764501208740 0.0895090103149414 0
1764501208848 0.09070539474487305 0
1764501208953 0.08966469764709473 0
1764501209053 0.08979129791259766 0
1764501209153 0.08356094360351562 0
1764501209243 0.08428001403808594 0
1764501209349 0.08052253723144531 0
1764501209438 0.0739443302154541 0
1764501209547 0.09390830993652344 0
1764501209638 0.08002853393554688 0
1764501209735 0.0816490650177002 0
1764501209844 0.07825732231140137 0
1764501209949 0.08957743644714355 0
1764501210046 0.0889139175415039 0
