1764505819930 5.25089417723801 0
1764505820198 12.487804878048781 0
1764505820283 13.83035466979701 0
1764505820375 12.138298272573891 0
1764505820458 13.849443618953277 0
1764505820542 13.487201913924832 0
1764505820625 13.6950157543304 0
1764505820708 14.264253867631606 0
1764505820794 13.385236458562707 0
1764505820879 13.653200001302071 0
1764505820960 14.195939862856989 0
1764505821043 14.096273865977476 0
1764505821128 13.335062887083032 0
1764505821210 14.12190285077456 0
1764505821293 13.60607525294631 0
1764505821374 14.128562622319086 0
1764505821456 13.705218650032512 0
1764505821540 13.503702463587075 0
1764505821626 13.348176295178902 0
1764505821706 14.391408327471735 0
1764505821794 12.726286341928162 0
1764505821879 13.335698865244169 0
1764505821958 14.642155459515315 0
1764505822041 13.73542395305275 0
1764505822129 12.880621811939355 0
1764505822213 13.494882676387597 0
1764505822295 14.176219881096026 0
1764505822380 13.39665139929604 0
1764505822464 13.725445537426452 0
1764505822555 12.638394552083648 0
1764505822638 13.784583025223894 0
1764505822721 13.7070101994464 0
1764505822805 13.550207082813742 0
1764505822886 14.225309311916648 0
1764505822972 13.268830946972813 0
1764505823056 13.483083075360279 0
1764505823138 14.101202583352105 0
1764505823221 13.762420225419586 0
1764505823302 14.0687554716247 0
1764505823383 14.152064621053128 0
1764505823476 12.597323337898557 0
1764505823563 13.445566073724063 0
1764505823649 13.238091631001527 0
1764505823741 12.563175251679612 0
1764505823828 13.232244712533442 0
1764505823913 13.445652278446522 0
1764505824005 12.225297594758135 0
1764505824089 13.516539965002627 0
1764505824173 13.606737344769863 0
1764505824258 13.636154974039865 0
1764505824343 13.548937709768806 0
1764505824426 13.68741821267153 0
1764505824513 13.24544937788164 0
1764505824596 13.656356224685151 0
1764505824682 13.429938202427076 0
1764505824766 13.524821117055065 0
1764505824849 13.745506980402439 0
1764505824932 13.86798922118071 0
1764505825016 14.2176904876511 0
1764505825098 13.814775534402688 0
1764505825183 13.4301962190686 0
1764505825265 13.88764208637262 0
1764505825346 14.18259528768902 0
1764505825436 12.414766403826572 0
1764505825520 13.681747900914008 0
1764505825602 13.904630562775155 0
1764505825686 13.621939020746456 0
1764505825770 13.786486015652477 0
1764505825850 14.17502213630557 0
1764505825937 13.051283407650349 0
1764505826020 13.802955211110014 0
1764505826097 14.823900304656078 0
1764505826182 13.63154593407022 0
1764505826265 13.767524913671993 0
1764505826348 13.894266794314165 0
1764505826432 13.441817237865104 0
1764505826514 13.972722851108342 0
1764505826594 14.304339077617753 0
1764505826679 13.340788875211913 0
1764505826763 13.769558808563165 0
1764505826845 14.037443857641051 0
1764505826927 14.122520993690108 0
1764505827010 13.798232743589912 0
1764505827092 13.865788629819534 0
1764505827179 13.257255561385431 0
1764505827261 13.722661362089724 0
1764505827346 13.36915181844261 0
1764505827430 13.608017571693223 0
1764505827509 14.496759721698977 0
1764505827593 13.56440523391567 0
1764505827677 13.466416664526237 0
1764505827757 14.008002084015203 0
1764505827837 14.509949353776326 0
1764505827923 13.08662945432648 0
1764505828004 14.10570779019869 0
1764505828088 13.638017200734852 0
1764505828172 13.351660560066977 0
1764505828250 14.757659775097462 0
1764505828331 14.079475800766694 0
1764505828416 13.431572475277962 0
1764505828497 13.89122968546627 0
1764505828577 14.362530005376142 0
1764505828657 13.935212933491924 0
1764505828737 14.337442145059512 0
1764505828817 14.423328748280605 0
1764505828899 13.969837463362643 0
1764505828984 13.472775338320748 0
1764505829065 14.274496991478124 0
1764505829144 14.554105494002158 0
1764505829226 13.780416405195044 0
1764505829307 14.20065005417118 0
1764505829388 14.190560611699429 0
1764505829467 14.281787784065758 0
1764505829545 14.39363074811256 0
1764505829626 13.884975585533393 0
1764505829710 13.682506646658728 0
1764505829790 14.257950253762242 0
1764505829869 14.575904585829662 0
1764505829947 14.841577466782258 0
1764505830031 13.476714670368157 0
1764505830112 14.54330602182378 0
1764505830202 12.685908894312927 0
1764505830281 14.598175534340118 0
1764505830367 13.136387410778323 0
1764505830450 13.629242582284569 0
1764505830531 14.192097124566045 0
1764505830612 13.925728192409467 0
1764505830700 12.816309818097372 0
1764505830779 14.550773105570453 0
1764505830865 13.017056881098394 0
1764505830949 13.800638981840676 0
1764505831031 13.90329392031875 0
1764505831112 14.162481935196315 0
1764505831199 12.99378858897188 0
1764505831283 13.546487179569993 0
1764505831362 14.709372424555928 0
1764505831446 13.592494531313294 0
1764505831536 12.572137678009945 0
1764505831619 14.107320879608764 0
1764505831699 14.192577353076528 0
1764505831783 13.678490713715004 0
1764505831868 13.509835310487885 0
1764505831950 13.756371782131131 0
1764505832035 13.42112858582788 0
1764505832118 13.742219368113416 0
1764505832198 14.010622448775077 0
1764505832281 13.754883055894428 0
1764505832362 13.965930128794236 0
1764505832441 14.469204285940982 0
1764505832523 13.922769746560222 0
1764505832608 13.290273517706405 0
1764505832690 14.004540962149745 0
1764505832773 13.638017200734852 0
1764505832857 13.465811389568445 0
1764505832939 13.84368398817068 0
1764505833020 14.213787798174776 0
1764505833102 14.085764468430225 0
1764505833182 14.020457553918357 0
1764505833263 14.180006085398425 0
1764505833346 13.831038769608215 0
1764505833432 13.546180925620902 0
1764505833515 13.98586176541201 0
1764505833602 13.042233375000777 0
1764505833682 14.122901416228375 0
1764505833762 14.21364329526585 0
1764505833842 14.19526723344344 0
1764505833924 13.86432195686307 0
1764505834004 13.914363532014981 0
1764505834086 13.99113358662766 0
1764505834165 14.523313873364774 0
1764505834245 14.264302378571768 0
1764505834325 14.224151496242438 0
1764505834409 13.550119532209084 0
1764505834493 13.797007246686688 0
1764505834576 13.713867200272034 0
1764505834660 13.809817627478031 0
1764505834739 14.589695426528085 0
1764505834821 14.046987350589937 0
1764505834901 14.344748335288465 0
1764505834987 13.295244616038088 0
1764505835072 13.562738478651715 0
1764505835154 13.905229830755715 0
1764505835235 13.874686982093888 0
1764505835316 14.031151314028797 0
1764505835397 14.098500840336134 0
1764505835482 13.34889849334513 0
1764505835566 13.600692631708654 0
1764505835650 13.675547194172827 0
1764505835737 13.13519438302883 0
1764505835815 14.751223904113443 0
1764505835897 14.265321184541241 0
1764505835980 14.004915055027247 0
1764505836062 13.750013113034356 0
1764505836147 13.448540775559675 0
1764505836232 13.76653078372293 0
1764505836315 13.95087943375642 0
1764505836399 13.576831072310645 0
1764505836483 13.667392239412937 0
1764505836567 13.70942953425965 0
1764505836645 14.516025652118238 0
1764505836728 13.827801294984901 0
1764505836809 14.253444162764302 0
1764505836894 13.272525900751232 0
1764505836977 13.996362677736585 0
1764505837058 13.840349250451247 0
1764505837142 13.289641864724166 0
1764505837223 14.262022721013027 0
1764505837306 13.98982692429564 0
1764505837388 13.507920916436667 0
1764505837473 13.613008341176853 0
1764505837557 13.46123035842662 0
1764505837640 13.834414652729905 0
1764505837723 13.776523798418804 0
1764505837804 14.277072220955208 0
1764505837886 14.108317383860367 0
1764505837969 13.498313637650936 0
1764505838052 13.71467435731429 0
1764505838135 13.699354602701785 0
1764505838220 13.695418212214618 0
1764505838301 14.334600136705399 0
1764505838386 13.54333780009364 0
1764505838464 14.585433706114728 0
1764505838547 13.72400840264644 0
1764505838631 13.889941616136863 0
1764505838713 13.60289810889962 0
1764505838795 13.867576557096285 0
1764505838878 13.935675934293764 0
1764505838958 14.132751980429882 0
1764505839044 13.36467889177434 0
1764505839129 13.402301935747746 0
1764505839214 13.723379750811434 0
1764505839296 14.072153983969509 0
1764505839378 13.702576969316816 0
1764505839476 11.232556520248737 0
1764505839555 14.638884817009751 0
1764505839637 13.758357251808237 0
1764505839718 14.220438109639293 0
1764505839801 13.628445449553388 0
1764505839883 13.527045680302384 0
1764505839966 13.889251677252286 0
1764505840050 13.689785953482907 0
1764505840133 13.765672332478921 0
1764505840220 13.198683374136987 0
1764505840299 14.576411140380753 0
1764505840379 14.300632469015838 0
1764505840457 14.755115897010143 0
1764505840542 13.392031775832232 0
1764505840629 12.932211019640489 0
1764505840711 13.822788481185365 0
1764505840794 13.766621153240205 0
1764505840876 14.368384992737537 0
1764505840959 13.53883498279524 0
1764505841042 14.091490619792507 0
1764505841123 14.023926548571964 0
1764505841209 13.440869587509933 0
1764505841290 13.897028955015191 0
1764505841373 13.908457546465936 0
1764505841454 14.236462933231959 0
1764505841532 14.677458751071685 0
1764505841619 13.532282834539988 0
1764505841699 14.35849825238863 0
1764505841783 13.689696589900256 0
1764505841867 13.623222109984766 0
1764505841947 14.573524250963333 0
1764505842031 13.338709985180285 0
1764505842114 13.814002048566168 0
1764505842198 13.649201250923387 0
1764505842280 13.629242582284569 0
1764505842360 13.872576030693413 0
1764505842444 13.533418085840953 0
1764505842524 14.209502127544244 0
1764505842608 13.499182512197947 0
1764505842693 13.383442620335359 0
1764505842777 13.39117663961381 0
1764505842865 13.384852024176512 0
1764505842944 14.181923922231615 0
1764505843029 13.26459268254887 0
1764505843114 13.042192820162006 0
1764505843198 13.642009399749558 0
1764505843281 13.817779300529741 0
1764505843368 13.16095427260718 0
1764505843453 13.332265303657366 0
1764505843536 13.759756449623389 0
1764505843623 13.40564313018576 0
1764505843707 13.329468893804185 0
1764505843793 13.40594306243188 0
1764505843877 13.618975566198555 0
1764505843961 13.987914037591878 0
1764505844044 13.704502161390348 0
1764505844124 14.240426434888892 0
1764505844214 12.801406404512214 0
1764505844294 14.04797534916435 0
1764505844382 12.933806161152056 0
1764505844464 14.104332211300807 0
1764505844546 13.71718612028649 0
1764505844633 13.205248973629196 0
1764505844717 13.736188664044514 0
1764505844802 13.807862734640937 0
1764505844889 13.309166603203614 0
1764505844976 13.11142023838923 0
1764505845061 13.55327206690191 0
1764505845144 13.709922466430449 0
1764505845230 13.053883046432228 0
1764505845311 13.93850090557134 0
1764505845398 13.052095683536072 0
1764505845484 13.081609102193834 0
1764505845569 13.42985219908297 0
1764505845652 13.70835416891364 0
1764505845738 13.369663200708917 0
1764505845822 13.427659485918626 0
1764505845905 13.769920452792032 0
1764505845987 13.905875254043982 0
1764505846070 13.667125028511844 0
1764505846154 13.70799575128687 0
1764505846241 13.356124775503446 0
1764505846324 13.80609017086843 0
1764505846406 13.840349250451247 0
1764505846495 12.827363057792349 0
1764505846585 12.621432612332839 0
1764505846674 13.081364305496644 0
1764505846760 13.364465969920978 0
1764505846848 12.93971160787556 0
1764505846936 12.930656135450675 0
1764505847027 12.718953931248635 0
1764505847115 12.567428927561245 0
1764505847202 13.05900411294566 0
1764505847296 12.02405783972525 0
1764505847381 13.225527138113812 0
1764505847470 12.638051820091057 0
1764505847553 13.535427074055429 0
1764505847639 12.981120863612167 0
1764505847727 12.666141213916646 0
1764505847814 13.136181700877561 0
1764505847899 13.045478579470878 0
1764505847980 13.888285877954855 0
1764505848061 13.994868252903707 0
1764505848146 13.381777343874628 0
1764505848236 12.795119049434877 0
1764505848318 13.888423841059602 0
1764505848404 13.301780102055378 0
1764505848489 13.88336698553507 0
1764505848571 13.84784324083398 0
1764505848654 13.901681073341464 0
1764505848738 13.406585819583576 0
1764505848823 13.347539126394643 0
1764505848905 13.832270319827455 0
1764505848992 13.178735825402262 0
1764505849074 13.76354925510271 0
1764505849159 13.356465028596176 0
1764505849245 13.093738000618114 0
1764505849327 13.879094515937963 0
1764505849410 13.810408750567984 0
1764505849494 13.65048948135805 0
1764505849578 13.533287085585222 0
1764505849667 12.92014058952725 0
1764505849748 13.97691343872464 0
1764505849830 13.886768464686329 0
1764505849921 12.245320752183066 0
1764505850000 14.511907274457228 0
1764505850082 14.03312299672785 0
1764505850171 13.134124956160129 0
1764505850250 14.46067388613648 0
1764505850335 13.359996177674434 0
1764505850416 14.110073472024114 0
1764505850495 14.75475255744579 0
1764505850576 13.879645654569462 0
1764505850654 14.721246687608586 0
1764505850735 14.055413321180113 0
1764505850819 13.586638506290734 0
1764505850897 14.394075314611639 0
1764505850981 13.735783806442317 0
1764505851062 14.052211203430716 0
1764505851142 14.495757688864927 0
1764505851228 13.306168805418524 0
1764505851308 14.216196612628247 0
1764505851388 14.008423147959508 0
1764505851471 13.599898834981047 0
1764505851554 13.790474937940784 0
1764505851641 13.489327351375689 0
1764505851732 12.386060342969191 0
1764505851819 13.227153750575532 0
1764505851898 14.124185493620331 0
1764505851980 13.989127027009 0
1764505852061 13.985022373080284 0
1764505852147 13.353275836270267 0
1764505852236 12.890676911256243 0
1764505852320 13.567959421996358 0
1764505852399 14.545121634040193 0
1764505852482 13.96365185952133 0
1764505852560 14.256738658998362 0
1764505852644 13.842952949252785 0
1764505852723 14.510451334352751 0
1764505852806 13.655867136805982 0
1764505852892 13.451948210225178 0
1764505852976 13.53874757908328 0
1764505853058 13.890769633282442 0
1764505853140 13.976540840264448 0
1764505853221 14.194354481185552 0
1764505853303 13.89307019897383 0
1764505853383 14.39506333849285 0
1764505853467 13.846471782513246 0
1764505853549 13.632963768327922 0
1764505853638 13.107486726272137 0
1764505853722 13.41735044129455 0
1764505853809 13.390407110384634 0
1764505853893 13.682060315440948 0
1764505853977 13.330231434691685 0
1764505854060 13.760569017670257 0
1764505854143 13.727961247667986 0
1764505854229 13.250680019587092 0
1764505854315 13.558003620377553 0
1764505854398 13.760253007581698 0
1764505854479 13.862763956781983 0
1764505854563 13.62105427242732 0
1764505854648 13.716782382047164 0
