1764505819930 0.190443754196167 0
1764505820198 0.080078125 0
1764505820283 0.07230472564697266 0
1764505820375 0.08238387107849121 0
1764505820458 0.0722050666809082 0
1764505820542 0.07414436340332031 0
1764505820625 0.07301926612854004 0
1764505820708 0.07010531425476074 0
1764505820794 0.07470917701721191 0
1764505820879 0.0732429027557373 0
1764505820960 0.07044267654418945 0
1764505821043 0.07094073295593262 0
1764505821128 0.07499027252197266 0
1764505821210 0.07081198692321777 0
1764505821293 0.07349658012390137 0
1764505821374 0.07077860832214355 0
1764505821456 0.07296490669250488 0
1764505821540 0.07405376434326172 0
1764505821626 0.07491660118103027 0
1764505821706 0.06948590278625488 0
1764505821794 0.07857751846313477 0
1764505821879 0.07498669624328613 0
1764505821958 0.06829595565795898 0
1764505822041 0.07280445098876953 0
1764505822129 0.0776360034942627 0
1764505822213 0.07410216331481934 0
1764505822295 0.0705406665802002 0
1764505822380 0.0746455192565918 0
1764505822464 0.07285737991333008 0
1764505822555 0.07912397384643555 0
1764505822638 0.07254481315612793 0
1764505822721 0.07295536994934082 0
1764505822805 0.07379961013793945 0
1764505822886 0.0702972412109375 0
1764505822972 0.07536458969116211 0
1764505823056 0.07416701316833496 0
1764505823138 0.07091593742370605 0
1764505823221 0.0726616382598877 0
1764505823302 0.07107949256896973 0
1764505823383 0.07066106796264648 0
1764505823476 0.07938194274902344 0
1764505823563 0.07437396049499512 0
1764505823649 0.07553958892822266 0
1764505823741 0.07959771156311035 0
1764505823828 0.07557296752929688 0
1764505823913 0.07437348365783691 0
1764505824005 0.08179759979248047 0
1764505824089 0.07398343086242676 0
1764505824173 0.07349300384521484 0
1764505824258 0.0733344554901123 0
1764505824343 0.0738065242767334 0
1764505824426 0.0730597972869873 0
1764505824513 0.07549762725830078 0
1764505824596 0.0732259750366211 0
1764505824682 0.07446050643920898 0
1764505824766 0.07393813133239746 0
1764505824849 0.07275104522705078 0
1764505824932 0.07210850715637207 0
1764505825016 0.07033491134643555 0
1764505825098 0.07238626480102539 0
1764505825183 0.07445907592773438 0
1764505825265 0.0720064640045166 0
1764505825346 0.07050895690917969 0
1764505825436 0.08054924011230469 0
1764505825520 0.0730900764465332 0
1764505825602 0.07191848754882812 0
1764505825686 0.0734109878540039 0
1764505825770 0.07253479957580566 0
1764505825850 0.07054662704467773 0
1764505825937 0.07662081718444824 0
1764505826020 0.0724482536315918 0
1764505826097 0.0674586296081543 0
1764505826182 0.07335925102233887 0
1764505826265 0.07263469696044922 0
1764505826348 0.07197213172912598 0
1764505826432 0.07439470291137695 0
1764505826514 0.07156801223754883 0
1764505826594 0.06990885734558105 0
1764505826679 0.07495808601379395 0
1764505826763 0.07262396812438965 0
1764505826845 0.07123804092407227 0
1764505826927 0.07080888748168945 0
1764505827010 0.07247304916381836 0
1764505827092 0.07211995124816895 0
1764505827179 0.07543039321899414 0
1764505827261 0.07287216186523438 0
1764505827346 0.0747990608215332 0
1764505827430 0.0734860897064209 0
1764505827509 0.06898093223571777 0
1764505827593 0.07372236251831055 0
1764505827677 0.07425880432128906 0
1764505827757 0.07138776779174805 0
1764505827837 0.06891822814941406 0
1764505827923 0.07641386985778809 0
1764505828004 0.0708932876586914 0
1764505828088 0.07332444190979004 0
1764505828172 0.07489705085754395 0
1764505828250 0.06776142120361328 0
1764505828331 0.07102537155151367 0
1764505828416 0.07445144653320312 0
1764505828497 0.07198786735534668 0
1764505828577 0.0696256160736084 0
1764505828657 0.07176065444946289 0
1764505828737 0.0697474479675293 0
1764505828817 0.06933212280273438 0
1764505828899 0.07158279418945312 0
1764505828984 0.07422375679016113 0
1764505829065 0.07005500793457031 0
1764505829144 0.06870913505554199 0
1764505829226 0.07256674766540527 0
1764505829307 0.0704193115234375 0
1764505829388 0.07046937942504883 0
1764505829467 0.07001924514770508 0
1764505829545 0.06947517395019531 0
1764505829626 0.07202029228210449 0
1764505829710 0.07308602333068848 0
1764505829790 0.07013630867004395 0
1764505829869 0.06860637664794922 0
1764505829947 0.06737828254699707 0
1764505830031 0.07420206069946289 0
1764505830112 0.06876015663146973 0
1764505830202 0.0788276195526123 0
1764505830281 0.06850171089172363 0
1764505830367 0.07612442970275879 0
1764505830450 0.07337164878845215 0
1764505830531 0.07046175003051758 0
1764505830612 0.07180953025817871 0
1764505830700 0.07802557945251465 0
1764505830779 0.0687248706817627 0
1764505830865 0.07682228088378906 0
1764505830949 0.07246041297912598 0
1764505831031 0.07192540168762207 0
1764505831112 0.07060909271240234 0
1764505831199 0.07695984840393066 0
1764505831283 0.07381987571716309 0
1764505831362 0.06798386573791504 0
1764505831446 0.07357001304626465 0
1764505831536 0.07954096794128418 0
1764505831619 0.07088518142700195 0
1764505831699 0.07045936584472656 0
1764505831783 0.07310748100280762 0
1764505831868 0.0740201473236084 0
1764505831950 0.0726935863494873 0
1764505832035 0.0745093822479248 0
1764505832118 0.0727684497833252 0
1764505832198 0.07137441635131836 0
1764505832281 0.07270145416259766 0
1764505832362 0.07160282135009766 0
1764505832441 0.06911230087280273 0
1764505832523 0.07182478904724121 0
1764505832608 0.07524299621582031 0
1764505832690 0.07140541076660156 0
1764505832773 0.07332444190979004 0
1764505832857 0.07426214218139648 0
1764505832939 0.072235107421875 0
1764505833020 0.07035422325134277 0
1764505833102 0.07099366188049316 0
1764505833182 0.07132434844970703 0
1764505833263 0.07052183151245117 0
1764505833346 0.07230114936828613 0
1764505833432 0.0738215446472168 0
1764505833515 0.07150077819824219 0
1764505833602 0.07667398452758789 0
1764505833682 0.07080698013305664 0
1764505833762 0.07035493850708008 0
1764505833842 0.07044601440429688 0
1764505833924 0.0721275806427002 0
1764505834004 0.0718681812286377 0
1764505834086 0.07147383689880371 0
1764505834165 0.06885480880737305 0
1764505834245 0.07010507583618164 0
1764505834325 0.07030296325683594 0
1764505834409 0.07380008697509766 0
1764505834493 0.0724794864654541 0
1764505834576 0.07291889190673828 0
1764505834660 0.07241225242614746 0
1764505834739 0.0685415267944336 0
1764505834821 0.07118964195251465 0
1764505834901 0.06971192359924316 0
1764505834987 0.07521486282348633 0
1764505835072 0.0737314224243164 0
1764505835154 0.0719153881072998 0
1764505835235 0.07207369804382324 0
1764505835316 0.07126998901367188 0
1764505835397 0.07092952728271484 0
1764505835482 0.07491254806518555 0
1764505835566 0.07352566719055176 0
1764505835650 0.07312321662902832 0
1764505835737 0.07613134384155273 0
1764505835815 0.06779098510742188 0
1764505835897 0.07010006904602051 0
1764505835980 0.07140350341796875 0
1764505836062 0.07272720336914062 0
1764505836147 0.07435750961303711 0
1764505836232 0.07263994216918945 0
1764505836315 0.07168006896972656 0
1764505836399 0.0736548900604248 0
1764505836483 0.0731668472290039 0
1764505836567 0.07294249534606934 0
1764505836645 0.06888937950134277 0
1764505836728 0.07231807708740234 0
1764505836809 0.07015848159790039 0
1764505836894 0.07534360885620117 0
1764505836977 0.07144713401794434 0
1764505837058 0.07225251197814941 0
1764505837142 0.07524657249450684 0
1764505837223 0.07011628150939941 0
1764505837306 0.07148051261901855 0
1764505837388 0.07403063774108887 0
1764505837473 0.07345914840698242 0
1764505837557 0.07428741455078125 0
1764505837640 0.07228350639343262 0
1764505837723 0.07258725166320801 0
1764505837804 0.07004237174987793 0
1764505837886 0.07088017463684082 0
1764505837969 0.07408332824707031 0
1764505838052 0.07291460037231445 0
1764505838135 0.07299613952636719 0
1764505838220 0.07301712036132812 0
1764505838301 0.06976127624511719 0
1764505838386 0.0738370418548584 0
1764505838464 0.06856155395507812 0
1764505838547 0.07286500930786133 0
1764505838631 0.07199454307556152 0
1764505838713 0.07351374626159668 0
1764505838795 0.07211065292358398 0
1764505838878 0.07175827026367188 0
1764505838958 0.07075762748718262 0
1764505839044 0.07482409477233887 0
1764505839129 0.07461404800415039 0
1764505839214 0.07286834716796875 0
1764505839296 0.07106232643127441 0
1764505839378 0.07297897338867188 0
1764505839476 0.08902692794799805 0
1764505839555 0.06831121444702148 0
1764505839637 0.07268309593200684 0
1764505839718 0.07032132148742676 0
1764505839801 0.07337594032287598 0
1764505839883 0.07392597198486328 0
1764505839966 0.07199811935424805 0
1764505840050 0.07304716110229492 0
1764505840133 0.07264447212219238 0
1764505840220 0.07576513290405273 0
1764505840299 0.0686039924621582 0
1764505840379 0.06992697715759277 0
1764505840457 0.06777310371398926 0
1764505840542 0.07467126846313477 0
1764505840629 0.07732629776000977 0
1764505840711 0.07234430313110352 0
1764505840794 0.07263946533203125 0
1764505840876 0.06959724426269531 0
1764505840959 0.07386159896850586 0
1764505841042 0.07096481323242188 0
1764505841123 0.07130670547485352 0
1764505841209 0.07439994812011719 0
1764505841290 0.07195782661437988 0
1764505841373 0.0718986988067627 0
1764505841454 0.07024216651916504 0
1764505841532 0.06813168525695801 0
1764505841619 0.0738973617553711 0
1764505841699 0.06964516639709473 0
1764505841783 0.07304763793945312 0
1764505841867 0.07340407371520996 0
1764505841947 0.06861758232116699 0
1764505842031 0.07496976852416992 0
1764505842114 0.07239031791687012 0
1764505842198 0.07326436042785645 0
1764505842280 0.07337164878845215 0
1764505842360 0.07208466529846191 0
1764505842444 0.07389116287231445 0
1764505842524 0.07037544250488281 0
1764505842608 0.07407855987548828 0
1764505842693 0.07471919059753418 0
1764505842777 0.0746760368347168 0
1764505842865 0.07471132278442383 0
1764505842944 0.07051229476928711 0
1764505843029 0.07538866996765137 0
1764505843114 0.07667422294616699 0
1764505843198 0.0733029842376709 0
1764505843281 0.07237052917480469 0
1764505843368 0.07598233222961426 0
1764505843453 0.07500600814819336 0
1764505843536 0.07267570495605469 0
1764505843623 0.07459545135498047 0
1764505843707 0.07502174377441406 0
1764505843793 0.07459378242492676 0
1764505843877 0.07342696189880371 0
1764505843961 0.07149028778076172 0
1764505844044 0.07296872138977051 0
1764505844124 0.07022261619567871 0
1764505844214 0.07811641693115234 0
1764505844294 0.07118463516235352 0
1764505844382 0.0773167610168457 0
1764505844464 0.07090020179748535 0
1764505844546 0.07290124893188477 0
1764505844633 0.07572746276855469 0
1764505844717 0.0728003978729248 0
1764505844802 0.07242250442504883 0
1764505844889 0.07513618469238281 0
1764505844976 0.07626938819885254 0
1764505845061 0.07378292083740234 0
1764505845144 0.07293987274169922 0
1764505845230 0.07660555839538574 0
1764505845311 0.07174372673034668 0
1764505845398 0.07661604881286621 0
1764505845484 0.07644319534301758 0
1764505845569 0.07446098327636719 0
1764505845652 0.07294821739196777 0
1764505845738 0.07479619979858398 0
1764505845822 0.07447314262390137 0
1764505845905 0.07262206077575684 0
1764505845987 0.07191205024719238 0
1764505846070 0.07316827774047852 0
1764505846154 0.07295012474060059 0
1764505846241 0.07487201690673828 0
1764505846324 0.07243180274963379 0
1764505846406 0.07225251197814941 0
1764505846495 0.07795834541320801 0
1764505846585 0.07923030853271484 0
1764505846674 0.07644462585449219 0
1764505846760 0.07482528686523438 0
1764505846848 0.07728147506713867 0
1764505846936 0.07733559608459473 0
1764505847027 0.07862281799316406 0
1764505847115 0.07957077026367188 0
1764505847202 0.07657551765441895 0
1764505847296 0.08316659927368164 0
1764505847381 0.07561135292053223 0
1764505847470 0.07912611961364746 0
1764505847553 0.07388019561767578 0
1764505847639 0.07703495025634766 0
1764505847727 0.07895064353942871 0
1764505847814 0.0761256217956543 0
1764505847899 0.07665491104125977 0
1764505847980 0.07200312614440918 0
1764505848061 0.07145476341247559 0
1764505848146 0.07472848892211914 0
1764505848236 0.0781548023223877 0
1764505848318 0.07200241088867188 0
1764505848404 0.07517790794372559 0
1764505848489 0.07202863693237305 0
1764505848571 0.07221341133117676 0
1764505848654 0.07193374633789062 0
1764505848738 0.07459020614624023 0
1764505848823 0.0749201774597168 0
1764505848905 0.07229471206665039 0
1764505848992 0.07587981224060059 0
1764505849074 0.07265567779541016 0
1764505849159 0.07487010955810547 0
1764505849245 0.07637238502502441 0
1764505849327 0.07205080986022949 0
1764505849410 0.07240915298461914 0
1764505849494 0.0732574462890625 0
1764505849578 0.07389187812805176 0
1764505849667 0.07739853858947754 0
1764505849748 0.07154655456542969 0
1764505849830 0.07201099395751953 0
1764505849921 0.08166384696960449 0
1764505850000 0.0689089298248291 0
1764505850082 0.07125997543334961 0
1764505850171 0.07613754272460938 0
1764505850250 0.0691530704498291 0
1764505850335 0.07485032081604004 0
1764505850416 0.07087135314941406 0
1764505850495 0.06777477264404297 0
1764505850576 0.07204794883728027 0
1764505850654 0.06792902946472168 0
1764505850735 0.07114696502685547 0
1764505850819 0.07360172271728516 0
1764505850897 0.0694730281829834 0
1764505850981 0.07280254364013672 0
1764505851062 0.07116317749023438 0
1764505851142 0.0689857006072998 0
1764505851228 0.07515311241149902 0
1764505851308 0.0703423023223877 0
1764505851388 0.07138562202453613 0
1764505851471 0.07352995872497559 0
1764505851554 0.07251381874084473 0
1764505851641 0.07413268089294434 0
1764505851732 0.08073592185974121 0
1764505851819 0.07560205459594727 0
1764505851898 0.0708005428314209 0
1764505851980 0.07148408889770508 0
1764505852061 0.07150506973266602 0
1764505852147 0.07488799095153809 0
1764505852236 0.0775754451751709 0
1764505852320 0.07370305061340332 0
1764505852399 0.06875157356262207 0
1764505852482 0.07161450386047363 0
1764505852560 0.07014226913452148 0
1764505852644 0.07223892211914062 0
1764505852723 0.06891584396362305 0
1764505852806 0.07322859764099121 0
1764505852892 0.07433867454528809 0
1764505852976 0.07386207580566406 0
1764505853058 0.0719902515411377 0
1764505853140 0.0715484619140625 0
1764505853221 0.0704505443572998 0
1764505853303 0.07197833061218262 0
1764505853383 0.06946825981140137 0
1764505853467 0.0722205638885498 0
1764505853549 0.07335162162780762 0
1764505853638 0.07629227638244629 0
1764505853722 0.07453036308288574 0
1764505853809 0.07468032836914062 0
1764505853893 0.07308840751647949 0
1764505853977 0.07501745223999023 0
1764505854060 0.07267141342163086 0
1764505854143 0.07284402847290039 0
1764505854229 0.07546782493591309 0
1764505854315 0.07375717163085938 0
1764505854398 0.07267308235168457 0
1764505854479 0.07213568687438965 0
1764505854563 0.07341575622558594 0
1764505854648 0.07290339469909668 0
