1764505819930 2.0 0
1764505820198 1.0 0
1764505820283 1.0 0
1764505820375 0.0 0
1764505820458 0.0 0
1764505820542 1.0 0
1764505820625 0.0 0
1764505820708 0.0 0
1764505820794 1.0 0
1764505820879 1.0 0
1764505820960 0.0 0
1764505821043 0.0 0
1764505821128 0.0 0
1764505821210 0.0 0
1764505821293 0.0 0
1764505821374 0.0 0
1764505821456 0.0 0
1764505821540 0.0 0
1764505821626 0.0 0
1764505821706 0.0 0
1764505821794 0.0 0
1764505821879 0.0 0
1764505821958 0.0 0
1764505822041 0.0 0
1764505822129 0.0 0
1764505822213 0.0 0
1764505822295 0.0 0
1764505822380 0.0 0
1764505822464 0.0 0
1764505822555 0.0 0
1764505822638 0.0 0
1764505822721 0.0 0
1764505822805 0.0 0
1764505822886 0.0 0
1764505822972 0.0 0
1764505823056 0.0 0
1764505823138 0.0 0
1764505823221 0.0 0
1764505823302 0.0 0
1764505823383 0.0 0
1764505823476 0.0 0
1764505823563 0.0 0
1764505823649 0.0 0
1764505823741 0.0 0
1764505823828 0.0 0
1764505823913 0.0 0
1764505824005 0.0 0
1764505824089 0.0 0
1764505824173 0.0 0
1764505824258 0.0 0
1764505824343 0.0 0
1764505824426 0.0 0
1764505824513 0.0 0
1764505824596 0.0 0
1764505824682 0.0 0
1764505824766 0.0 0
1764505824849 0.0 0
1764505824932 0.0 0
1764505825016 0.0 0
1764505825098 0.0 0
1764505825183 1.0 0
1764505825265 0.0 0
1764505825346 1.0 0
1764505825436 1.0 0
1764505825520 1.0 0
1764505825602 1.0 0
1764505825686 1.0 0
1764505825770 1.0 0
1764505825850 1.0 0
1764505825937 1.0 0
1764505826020 0.0 0
1764505826097 0.0 0
1764505826182 0.0 0
1764505826265 0.0 0
1764505826348 0.0 0
1764505826432 0.0 0
1764505826514 0.0 0
1764505826594 0.0 0
1764505826679 0.0 0
1764505826763 1.0 0
1764505826845 1.0 0
1764505826927 1.0 0
1764505827010 1.0 0
1764505827092 1.0 0
1764505827179 1.0 0
1764505827261 1.0 0
1764505827346 2.0 0
1764505827430 1.0 0
1764505827509 1.0 0
1764505827593 1.0 0
1764505827677 1.0 0
1764505827757 1.0 0
1764505827837 1.0 0
1764505827923 1.0 0
1764505828004 1.0 0
1764505828088 1.0 0
1764505828172 1.0 0
1764505828250 1.0 0
1764505828331 1.0 0
1764505828416 1.0 0
1764505828497 1.0 0
1764505828577 0.0 0
1764505828657 0.0 0
1764505828737 0.0 0
1764505828817 0.0 0
1764505828899 0.0 0
1764505828984 0.0 0
1764505829065 0.0 0
1764505829144 0.0 0
1764505829226 0.0 0
1764505829307 0.0 0
1764505829388 0.0 0
1764505829467 0.0 0
1764505829545 0.0 0
1764505829626 0.0 0
1764505829710 0.0 0
1764505829790 0.0 0
1764505829869 0.0 0
1764505829947 0.0 0
1764505830031 1.0 0
1764505830112 1.0 0
1764505830202 3.0 0
1764505830281 2.0 0
1764505830367 3.0 0
1764505830450 1.0 0
1764505830531 3.0 0
1764505830612 3.0 0
1764505830700 2.0 0
1764505830779 2.0 0
1764505830865 2.0 0
1764505830949 2.0 0
1764505831031 2.0 0
1764505831112 3.0 0
1764505831199 2.0 0
1764505831283 3.0 0
1764505831362 2.0 0
1764505831446 4.0 0
1764505831536 3.0 0
1764505831619 4.0 0
1764505831699 4.0 0
1764505831783 4.0 0
1764505831868 2.0 0
1764505831950 2.0 0
1764505832035 2.0 0
1764505832118 2.0 0
1764505832198 2.0 0
1764505832281 2.0 0
1764505832362 0.0 0
1764505832441 0.0 0
1764505832523 0.0 0
1764505832608 1.0 0
1764505832690 2.0 0
1764505832773 1.0 0
1764505832857 1.0 0
1764505832939 1.0 0
1764505833020 1.0 0
1764505833102 1.0 0
1764505833182 1.0 0
1764505833263 1.0 0
1764505833346 1.0 0
1764505833432 2.0 0
1764505833515 2.0 0
1764505833602 1.0 0
1764505833682 1.0 0
1764505833762 4.0 0
1764505833842 1.0 0
1764505833924 1.0 0
1764505834004 1.0 0
1764505834086 1.0 0
1764505834165 1.0 0
1764505834245 1.0 0
1764505834325 1.0 0
1764505834409 1.0 0
1764505834493 1.0 0
1764505834576 0.0 0
1764505834660 0.0 0
1764505834739 0.0 0
1764505834821 0.0 0
1764505834901 0.0 0
1764505834987 0.0 0
1764505835072 0.0 0
1764505835154 1.0 0
1764505835235 1.0 0
1764505835316 1.0 0
1764505835397 0.0 0
1764505835482 1.0 0
1764505835566 1.0 0
1764505835650 1.0 0
1764505835737 1.0 0
1764505835815 0.0 0
1764505835897 0.0 0
1764505835980 2.0 0
1764505836062 1.0 0
1764505836147 2.0 0
1764505836232 1.0 0
1764505836315 1.0 0
1764505836399 1.0 0
1764505836483 2.0 0
1764505836567 0.0 0
1764505836645 0.0 0
1764505836728 0.0 0
1764505836809 0.0 0
1764505836894 0.0 0
1764505836977 0.0 0
1764505837058 0.0 0
1764505837142 0.0 0
1764505837223 0.0 0
1764505837306 0.0 0
1764505837388 0.0 0
1764505837473 0.0 0
1764505837557 0.0 0
1764505837640 1.0 0
1764505837723 1.0 0
1764505837804 0.0 0
1764505837886 0.0 0
1764505837969 1.0 0
1764505838052 0.0 0
1764505838135 0.0 0
1764505838220 0.0 0
1764505838301 0.0 0
1764505838386 0.0 0
1764505838464 0.0 0
1764505838547 0.0 0
1764505838631 0.0 0
1764505838713 0.0 0
1764505838795 1.0 0
1764505838878 1.0 0
1764505838958 0.0 0
1764505839044 1.0 0
1764505839129 0.0 0
1764505839214 1.0 0
1764505839296 0.0 0
1764505839378 1.0 0
1764505839476 1.0 0
1764505839555 1.0 0
1764505839637 0.0 0
1764505839718 1.0 0
1764505839801 1.0 0
1764505839883 1.0 0
1764505839966 0.0 0
1764505840050 2.0 0
1764505840133 0.0 0
1764505840220 0.0 0
1764505840299 0.0 0
1764505840379 0.0 0
1764505840457 0.0 0
1764505840542 0.0 0
1764505840629 0.0 0
1764505840711 0.0 0
1764505840794 0.0 0
1764505840876 0.0 0
1764505840959 0.0 0
1764505841042 0.0 0
1764505841123 0.0 0
1764505841209 0.0 0
1764505841290 0.0 0
1764505841373 0.0 0
1764505841454 0.0 0
1764505841532 0.0 0
1764505841619 0.0 0
1764505841699 0.0 0
1764505841783 0.0 0
1764505841867 0.0 0
1764505841947 1.0 0
1764505842031 2.0 0
1764505842114 1.0 0
1764505842198 2.0 0
1764505842280 2.0 0
1764505842360 2.0 0
1764505842444 3.0 0
1764505842524 3.0 0
1764505842608 2.0 0
1764505842693 3.0 0
1764505842777 3.0 0
1764505842865 2.0 0
1764505842944 2.0 0
1764505843029 3.0 0
1764505843114 2.0 0
1764505843198 2.0 0
1764505843281 3.0 0
1764505843368 3.0 0
1764505843453 3.0 0
1764505843536 3.0 0
1764505843623 3.0 0
1764505843707 3.0 0
1764505843793 3.0 0
1764505843877 3.0 0
1764505843961 3.0 0
1764505844044 3.0 0
1764505844124 4.0 0
1764505844214 3.0 0
1764505844294 3.0 0
1764505844382 4.0 0
1764505844464 4.0 0
1764505844546 3.0 0
1764505844633 3.0 0
1764505844717 4.0 0
1764505844802 3.0 0
1764505844889 4.0 0
1764505844976 3.0 0
1764505845061 4.0 0
1764505845144 3.0 0
1764505845230 4.0 0
1764505845311 3.0 0
1764505845398 4.0 0
1764505845484 3.0 0
1764505845569 3.0 0
1764505845652 2.0 0
1764505845738 2.0 0
1764505845822 3.0 0
1764505845905 3.0 0
1764505845987 3.0 0
1764505846070 3.0 0
1764505846154 3.0 0
1764505846241 3.0 0
1764505846324 3.0 0
1764505846406 2.0 0
1764505846495 2.0 0
1764505846585 2.0 0
1764505846674 2.0 0
1764505846760 2.0 0
1764505846848 2.0 0
1764505846936 2.0 0
1764505847027 2.0 0
1764505847115 2.0 0
1764505847202 2.0 0
1764505847296 2.0 0
1764505847381 2.0 0
1764505847470 2.0 0
1764505847553 2.0 0
1764505847639 1.0 0
1764505847727 0.0 0
1764505847814 1.0 0
1764505847899 1.0 0
1764505847980 1.0 0
1764505848061 0.0 0
1764505848146 0.0 0
1764505848236 0.0 0
1764505848318 0.0 0
1764505848404 0.0 0
1764505848489 0.0 0
1764505848571 0.0 0
1764505848654 0.0 0
1764505848738 0.0 0
1764505848823 0.0 0
1764505848905 0.0 0
1764505848992 0.0 0
1764505849074 0.0 0
1764505849159 0.0 0
1764505849245 0.0 0
1764505849327 0.0 0
1764505849410 0.0 0
1764505849494 0.0 0
1764505849578 0.0 0
1764505849667 0.0 0
1764505849748 0.0 0
1764505849830 0.0 0
1764505849921 0.0 0
1764505850000 0.0 0
1764505850082 0.0 0
1764505850171 0.0 0
1764505850250 0.0 0
1764505850335 0.0 0
1764505850416 0.0 0
1764505850495 0.0 0
1764505850576 0.0 0
1764505850654 0.0 0
1764505850735 0.0 0
1764505850819 0.0 0
1764505850897 0.0 0
1764505850981 0.0 0
1764505851062 0.0 0
1764505851142 0.0 0
1764505851228 0.0 0
1764505851308 0.0 0
1764505851388 0.0 0
1764505851471 0.0 0
1764505851554 0.0 0
1764505851641 0.0 0
1764505851732 0.0 0
1764505851819 0.0 0
1764505851898 0.0 0
1764505851980 0.0 0
1764505852061 0.0 0
1764505852147 0.0 0
1764505852236 0.0 0
1764505852320 0.0 0
1764505852399 0.0 0
1764505852482 0.0 0
1764505852560 0.0 0
1764505852644 0.0 0
1764505852723 0.0 0
1764505852806 0.0 0
1764505852892 0.0 0
1764505852976 0.0 0
1764505853058 0.0 0
1764505853140 0.0 0
1764505853221 1.0 0
1764505853303 1.0 0
1764505853383 1.0 0
1764505853467 1.0 0
1764505853549 1.0 0
1764505853638 1.0 0
1764505853722 0.0 0
1764505853809 0.0 0
1764505853893 0.0 0
1764505853977 1.0 0
1764505854060 2.0 0
1764505854143 1.0 0
1764505854229 2.0 0
1764505854315 2.0 0
1764505854398 2.0 0
1764505854479 2.0 0
1764505854563 2.0 0
1764505854648 1.0 0
